PYU1_T011262	L7NCR0|PHI8061|Pc129892	61.966	234	85	3	2	234	3	233	3.21e-107	303
PYU1_T011262	NEP1	43.318	217	116	3	19	232	32	244	4.48e-63	191
PYU1_T011262	Q0E7H7|PHI2342|Benep2	47.005	217	110	3	19	234	32	244	1.21e-62	189
PYU1_T011262	MoSPD9	41.772	237	125	7	1	233	2	229	1.83e-52	163
PYU1_T011262	FocSix8	40.343	233	124	5	12	233	24	252	2.61e-50	158
PYU1_T012918	HaRxLL441	42.123	292	151	6	45	322	12	299	1.51e-69	213
PYU1_T014233	P29138|PHI4615|Pr1	34.826	201	104	10	136	329	175	355	5.84e-16	71.6
PYU1_T009867	M2TW52|PHI4988|Ppt1	22.222	225	130	7	63	286	109	289	8.73e-07	42.7
PYU1_T006931	PsCRN108	28.000	125	82	3	12	132	166	286	8.75e-14	60.5
PYU1_T001216	Q00663|PHI17|Acp	31.190	311	180	7	71	359	74	372	4.08e-35	126
PYU1_T001216	P0CY26|PHI68|Sap1	29.630	351	199	10	44	360	33	369	1.60e-31	116
PYU1_T001216	P0DJ06|PHI72PHI6784PHI6790PHI6812|Sap2	28.614	339	196	13	53	360	53	376	1.33e-28	108
PYU1_T001216	P0CY29|PHI6785PHI6791PHI6813|Sap3	29.070	344	198	12	47	359	47	375	5.49e-28	107
PYU1_T006785	O42830|PHI660|Cbel(gp34)	52.439	246	97	2	59	285	24	268	3.39e-84	247
PYU1_T006706	P0CY29|PHI6785PHI6791PHI6813|Sap3	23.662	355	220	16	87	420	63	387	2.80e-13	65.1
PYU1_T006706	P0CY26|PHI68|Sap1	25.490	357	214	16	87	420	53	380	4.86e-13	64.3
PYU1_T004867	Q945T9|PHI653|Gip2	44.444	207	103	5	32	226	46	252	4.81e-56	174
PYU1_T004867	GIP1	42.180	211	105	6	32	228	46	253	9.64e-50	157
PYU1_T012652	O42719|PHI764|Inf2b	40.984	61	36	0	1	61	55	115	3.47e-13	56.6
PYU1_T012652	Q01905|PHI111PHI760|Inf1	39.062	64	39	0	1	64	55	118	7.33e-13	54.3
PYU1_T012652	O42718|PHI762|Inf2a	40.984	61	36	0	1	61	55	115	9.31e-13	55.1
PYU1_T004716	Q945T9|PHI653|Gip2	28.634	227	136	7	32	241	36	253	5.14e-22	85.9
PYU1_T004716	GIP1	29.596	223	124	8	40	242	44	253	5.98e-20	79.3
PYU1_T011856	EPIC1	35.227	88	46	4	65	151	45	122	2.57e-12	54.3
PYU1_T000579	SSPbP94	31.716	268	169	6	1	262	42	301	5.53e-33	116
PYU1_T003336	crn1	37.313	67	38	2	1	64	2	67	9.32e-08	41.2
PYU1_T007733	O42830|PHI660|Cbel(gp34)	49.593	246	104	2	145	371	24	268	5.61e-76	229
PYU1_T012396	crn2	30.263	76	53	0	16	91	211	286	1.04e-09	47.0
PYU1_T012396	crn1	26.923	78	54	2	12	87	188	264	2.24e-07	40.4
PYU1_T013153	PsCRN108	39.286	56	34	0	1	56	1	56	5.21e-07	39.3
PYU1_T003928	P43070|PHI61|Bgl2	28.302	318	193	10	1	297	1	304	1.32e-26	102
PYU1_T001828	SSPbP94	22.500	200	138	5	121	315	41	228	4.21e-07	43.5
PYU1_T014601	Zt89160	28.161	174	109	7	19	185	222	386	8.40e-07	42.7
PYU1_T001576	KEX1	26.786	280	171	10	189	449	173	437	4.54e-12	61.2
PYU1_T001576	P29138|PHI4615|Pr1	29.707	239	128	11	201	429	139	347	1.19e-09	52.8
PYU1_T009505	Q0ZJ79|PHI2343|Pcipg2	74.400	125	32	0	76	200	237	361	1.45e-59	184
PYU1_T009505	P41749|PHI88|Peca	31.056	161	101	6	46	200	207	363	1.34e-19	78.6
PYU1_T009505	O94100|PHI103PHI1027|Bcpga1Bcpg1	38.806	134	70	6	73	200	255	382	9.19e-17	70.9
PYU1_T009505	O00094|PHI114|Pg1	30.968	155	100	4	46	196	214	365	2.30e-13	60.8
PYU1_T009505	P78607|PHI247|Cppg1	33.835	133	80	4	72	198	237	367	4.74e-13	60.1
PYU1_T002201	PsCRN108	47.059	68	34	2	68	133	4	71	1.29e-12	57.4
PYU1_T002200	PsCRN108	47.059	68	34	2	57	122	4	71	3.60e-12	55.5
PYU1_T009917	O42830|PHI660|Cbel(gp34)	52.893	242	94	2	64	286	28	268	2.73e-82	243
PYU1_T009410	P29138|PHI4615|Pr1	27.609	297	172	12	131	414	81	347	1.28e-10	55.8
PYU1_T011093	P0CY26|PHI68|Sap1	22.951	366	206	19	60	409	69	374	9.12e-07	44.3
PYU1_T007647	P29138|PHI4615|Pr1	31.022	274	148	13	154	419	111	351	8.49e-18	78.2
PYU1_T007647	KEX1	22.881	354	222	15	150	478	151	478	4.31e-07	45.1
PYU1_T006393	O42830|PHI660|Cbel(gp34)	23.958	192	83	7	13	143	65	254	5.61e-08	43.9
PYU1_T009393	Q01905|PHI111PHI760|Inf1	33.333	117	72	4	1	113	1	115	2.53e-11	50.1
PYU1_T009393	O42718|PHI762|Inf2a	29.670	91	60	2	27	113	25	115	2.86e-07	40.4
PYU1_T009393	O42719|PHI764|Inf2b	32.353	68	44	1	48	113	48	115	3.37e-07	40.0
PYU1_T010847	Q0ZJ79|PHI2343|Pcipg2	69.307	101	31	0	2	102	198	298	1.35e-36	120
PYU1_T010847	P78607|PHI247|Cppg1	41.000	100	55	2	2	100	205	301	1.34e-18	72.4
PYU1_T010847	O94100|PHI103PHI1027|Bcpga1Bcpg1	44.792	96	49	2	2	96	222	314	2.67e-18	71.6
PYU1_T010847	P78608|PHI437|Cppg2	38.000	100	58	2	2	100	206	302	2.30e-17	68.9
PYU1_T010847	Q4G495|PHI492|Bcpg2	37.500	96	59	1	2	96	211	306	1.05e-16	67.0
PYU1_T011740	P0DJ06|PHI72PHI6784PHI6790PHI6812|Sap2	23.784	370	187	19	47	370	54	374	1.73e-07	46.2
PYU1_T001218	P0CY26|PHI68|Sap1	27.586	348	203	14	67	383	43	372	4.60e-24	95.9
PYU1_T001218	P0DJ06|PHI72PHI6784PHI6790PHI6812|Sap2	30.894	246	133	10	66	287	47	279	2.02e-22	91.3
PYU1_T001218	Q00663|PHI17|Acp	27.070	314	192	9	88	379	74	372	4.26e-21	87.4
PYU1_T001218	P0CY29|PHI6785PHI6791PHI6813|Sap3	26.629	353	197	16	67	379	45	375	3.86e-19	81.6
PYU1_T001030	Q0ZJ79|PHI2343|Pcipg2	61.326	362	129	5	9	366	7	361	1.86e-129	369
PYU1_T001030	O94100|PHI103PHI1027|Bcpga1Bcpg1	41.337	329	173	9	48	366	64	382	9.71e-70	217
PYU1_T001030	P41749|PHI88|Peca	35.027	374	224	12	1	366	1	363	6.05e-64	201
PYU1_T001030	P78607|PHI247|Cppg1	38.608	316	179	7	47	354	48	356	2.09e-62	197
PYU1_T001030	Q9C4A0|PHI2817|Aapg1	35.227	352	211	10	26	367	35	379	5.81e-60	192
PYU1_T007710	Q5TIP4|PHI2347|Pgip2	23.810	252	138	6	41	239	72	322	1.51e-08	48.5
PYU1_T007015	O42830|PHI660|Cbel(gp34)	57.944	107	45	0	44	150	161	267	2.23e-39	127
PYU1_T005961	SSPbP94	24.746	295	180	9	53	343	44	300	3.33e-14	65.5
PYU1_T000438	Q0ZJ79|PHI2343|Pcipg2	59.538	173	66	2	11	179	8	180	5.27e-62	189
PYU1_T000438	P41749|PHI88|Peca	39.130	184	100	5	6	179	1	182	4.50e-32	112
PYU1_T000438	O94100|PHI103PHI1027|Bcpga1Bcpg1	45.775	142	65	6	49	179	64	204	3.21e-29	104
PYU1_T000438	Q4G495|PHI492|Bcpg2	36.842	190	104	6	4	179	6	193	5.80e-29	103
PYU1_T000438	P78607|PHI247|Cppg1	37.179	156	90	4	32	179	32	187	1.30e-26	97.4
PYU1_T012816	EPIC1	44.118	102	53	1	31	132	25	122	1.95e-22	82.0
PYU1_T003644	O42830|PHI660|Cbel(gp34)	43.726	263	143	2	11	268	5	267	1.98e-64	200
PYU1_T001544	P29138|PHI4615|Pr1	30.961	281	159	12	163	433	117	372	2.88e-18	79.3
PYU1_T001544	KEX1	26.518	313	182	14	173	460	178	467	5.64e-11	57.8
PYU1_T014738	SSPbP94	26.866	201	105	11	123	298	45	228	6.48e-09	49.3
PYU1_T014618	crn2	32.624	141	71	5	1	120	5	142	4.13e-12	54.7
PYU1_T004924	N4TQ97	38.824	340	200	4	20	354	20	356	9.66e-78	237
PYU1_T004924	X0K3U9	38.235	340	202	4	20	354	19	355	7.67e-75	229
PYU1_T014095	Q01905|PHI111PHI760|Inf1	44.898	49	27	0	1	49	70	118	1.44e-12	51.2
PYU1_T014095	O42718|PHI762|Inf2a	52.174	46	22	0	1	46	70	115	2.54e-12	51.6
PYU1_T014095	O42719|PHI764|Inf2b	50.000	46	23	0	1	46	70	115	8.26e-12	50.1
PYU1_T011917	P29138|PHI4615|Pr1	31.538	260	140	13	164	414	117	347	4.28e-15	69.7
PYU1_T011917	KEX1	25.545	321	204	13	169	473	173	474	5.42e-10	54.7
PYU1_T004862	Q945T9|PHI653|Gip2	49.123	228	106	4	46	263	28	255	6.88e-72	216
PYU1_T004862	GIP1	41.304	276	127	8	1	263	1	254	1.13e-61	189
PYU1_T012349	SSPbP94	26.718	262	176	8	31	284	41	294	5.59e-17	73.2
PYU1_T009550	Q5TIP4|PHI2347|Pgip2	26.136	176	110	8	19	188	7	168	1.45e-07	43.5
PYU1_T006327	P43070|PHI61|Bgl2	31.868	273	164	8	53	310	35	300	4.75e-31	114
PYU1_T012815	EPIC1	33.654	104	65	2	35	138	23	122	2.88e-14	58.9
PYU1_T001663	KEX1	27.612	402	232	16	45	421	99	466	2.64e-16	74.3
PYU1_T001663	P29138|PHI4615|Pr1	28.839	267	134	12	124	370	117	347	7.62e-12	59.3
PYU1_T010252	SSPbP94	24.335	263	155	10	11	255	31	267	2.69e-14	65.5
PYU1_T007175	HaRxLL441	27.684	177	104	8	86	251	70	233	7.54e-10	51.6
PYU1_T004919	GIP1	50.000	90	41	1	46	131	28	117	5.34e-25	90.5
PYU1_T004919	Q945T9|PHI653|Gip2	52.564	78	36	1	46	122	28	105	1.33e-23	87.4
PYU1_T003536	P29138|PHI4615|Pr1	32.510	243	142	10	162	403	128	349	2.47e-17	76.6
PYU1_T003536	KEX1	27.974	311	144	19	139	409	155	425	9.82e-08	47.4
PYU1_T001200	P0CY26|PHI68|Sap1	30.530	321	180	9	61	351	62	369	7.20e-34	122
PYU1_T001200	P0CY29|PHI6785PHI6791PHI6813|Sap3	29.882	338	191	11	48	350	49	375	2.36e-33	121
PYU1_T001200	Q00663|PHI17|Acp	30.696	316	184	8	63	355	74	377	2.56e-33	121
PYU1_T001200	P0DJ06|PHI72PHI6784PHI6790PHI6812|Sap2	32.110	327	168	17	61	351	68	376	7.60e-31	114
PYU1_T007795	Q9HFZ2|PHI184|Rbt4	28.249	177	106	5	4	173	178	340	1.52e-10	52.0
PYU1_T004718	Q945T9|PHI653|Gip2	30.909	220	140	6	37	249	39	253	1.89e-26	101
PYU1_T004718	GIP1	30.172	232	136	9	31	250	36	253	7.14e-23	90.5
PYU1_T009391	Q01905|PHI111PHI760|Inf1	33.333	117	72	4	1	113	1	115	2.53e-11	50.1
PYU1_T009391	O42718|PHI762|Inf2a	29.670	91	60	2	27	113	25	115	2.86e-07	40.4
PYU1_T009391	O42719|PHI764|Inf2b	32.353	68	44	1	48	113	48	115	3.37e-07	40.0
PYU1_T009389	Q01905|PHI111PHI760|Inf1	29.762	84	57	1	29	110	32	115	9.75e-11	48.5
PYU1_T009389	O42719|PHI764|Inf2b	31.395	86	57	1	27	110	30	115	9.78e-09	44.3
PYU1_T009389	O42718|PHI762|Inf2a	29.885	87	59	1	26	110	29	115	5.49e-08	42.0
PYU1_T007017	O42830|PHI660|Cbel(gp34)	57.009	107	46	0	48	154	161	267	1.91e-39	128
PYU1_T012504	OASTL	26.329	395	208	16	189	534	70	430	1.26e-13	65.9
PYU1_T004918	N4TQ97	39.316	234	133	2	145	370	124	356	1.23e-43	149
PYU1_T004918	X0K3U9	38.462	234	135	2	145	370	123	355	2.54e-41	142
PYU1_T010840	SSPbP94	27.007	274	177	8	44	313	47	301	9.64e-22	87.0
PYU1_T014388	crn1	39.844	128	74	2	1	127	143	268	4.25e-27	101
PYU1_T014554	Q00663|PHI17|Acp	25.478	314	195	9	85	374	74	372	3.56e-23	93.2
PYU1_T014554	P0DJ06|PHI72PHI6784PHI6790PHI6812|Sap2	23.780	328	192	14	85	375	70	376	9.75e-18	77.4
PYU1_T014554	P0CY26|PHI68|Sap1	24.149	323	196	12	85	375	64	369	1.09e-16	73.9
PYU1_T014554	P0CY29|PHI6785PHI6791PHI6813|Sap3	22.699	326	194	12	85	374	72	375	1.49e-15	70.5
PYU1_T007014	O42830|PHI660|Cbel(gp34)	60.853	258	92	2	158	414	19	268	4.41e-104	303
PYU1_T009848	P29138|PHI4615|Pr1	36.765	136	72	7	22	156	227	349	2.89e-09	48.9
PYU1_T011258	L7NCR0|PHI8061|Pc129892	60.870	230	88	1	9	238	6	233	4.46e-103	292
PYU1_T011258	Q0E7H7|PHI2342|Benep2	42.400	250	126	6	1	238	1	244	4.69e-59	181
PYU1_T011258	NEP1	38.073	218	127	4	22	236	32	244	5.58e-49	155
PYU1_T011258	MoSPD9	37.004	227	133	4	1	226	1	218	2.87e-46	147
PYU1_T011258	FocSix8	37.611	226	126	5	22	237	32	252	6.08e-42	137
PYU1_T007632	P29138|PHI4615|Pr1	30.690	290	151	14	139	415	99	351	5.04e-15	69.7
PYU1_T007632	KEX1	24.658	438	271	18	13	418	14	424	2.48e-09	52.4
PYU1_T006614	SSPbP94	24.068	295	173	10	20	306	51	302	3.89e-12	58.9
PYU1_T002205	SSPbP94	30.328	244	146	8	34	257	54	293	2.92e-24	93.2
PYU1_T001865	crn2	29.139	302	166	9	99	365	143	431	2.30e-24	97.1
PYU1_T001865	crn1	26.891	357	205	16	32	358	66	396	4.12e-18	78.2
PYU1_T013635	P29138|PHI4615|Pr1	25.325	308	186	13	178	476	82	354	2.50e-10	55.5
PYU1_T013635	KEX1	23.720	371	219	14	188	521	123	466	1.20e-09	53.9
PYU1_T004665	P43070|PHI61|Bgl2	23.443	273	170	11	72	321	44	300	2.08e-07	45.1
PYU1_T002616	PsCRN108	42.623	61	32	1	1	58	1	61	3.83e-10	46.6
PYU1_T002616	crn1	40.000	55	31	1	1	53	1	55	8.16e-09	42.7
PYU1_T014994	crn2	50.000	352	152	5	26	362	77	419	1.18e-109	322
PYU1_T014994	crn1	24.695	328	200	13	16	317	44	350	6.20e-16	71.6
PYU1_T008432	O42718|PHI762|Inf2a	33.333	87	50	2	29	111	33	115	6.44e-10	48.9
PYU1_T008432	O42719|PHI764|Inf2b	33.333	87	50	2	29	111	33	115	2.10e-09	47.4
PYU1_T012157	Q6PQG3|PHI4252|Epi10	38.000	50	30	1	30	78	21	70	3.74e-07	39.3
PYU1_T000511	Q6PQG3|PHI4252|Epi10	30.814	172	99	7	48	202	25	193	1.57e-10	52.8
PYU1_T014776	crn2	35.111	450	247	13	1	418	1	437	8.18e-65	209
PYU1_T014776	crn1	25.114	438	279	18	1	418	1	409	3.73e-21	88.6
PYU1_T011260	L7NCR0|PHI8061|Pc129892	60.435	230	88	2	9	237	6	233	1.75e-103	293
PYU1_T011260	Q0E7H7|PHI2342|Benep2	45.581	215	112	3	24	237	34	244	1.45e-61	187
PYU1_T011260	NEP1	41.964	224	122	4	15	235	26	244	2.08e-60	184
PYU1_T011260	MoSPD9	39.916	238	131	7	2	236	1	229	1.09e-51	161
PYU1_T011260	FocSix8	39.910	223	120	4	24	236	34	252	8.96e-49	154
PYU1_T000449	SSPbP94	27.755	245	144	9	51	287	49	268	7.72e-17	73.2
PYU1_T011089	Q01905|PHI111PHI760|Inf1	25.926	81	58	1	38	116	35	115	7.11e-11	49.3
PYU1_T011089	O42719|PHI764|Inf2b	25.926	81	58	1	38	116	35	115	1.12e-07	41.6
PYU1_T011089	O42718|PHI762|Inf2a	25.926	81	58	1	38	116	35	115	1.23e-07	41.6
PYU1_T006317	SSPbP94	28.351	194	114	6	119	308	52	224	4.89e-14	64.7
PYU1_T010362	SSPbP94	27.843	255	157	6	23	270	67	301	1.81e-20	82.8
PYU1_T006390	O42830|PHI660|Cbel(gp34)	25.794	252	154	7	95	338	42	268	2.67e-09	50.4
PYU1_T010171	Zt89160	32.051	156	83	5	92	237	205	347	6.94e-10	52.0
PYU1_T011907	P29138|PHI4615|Pr1	45.763	59	24	2	1	59	297	347	8.15e-09	44.7
PYU1_T001207	P0CY26|PHI68|Sap1	31.660	259	142	7	68	303	62	308	6.47e-30	110
PYU1_T001207	P0CY29|PHI6785PHI6791PHI6813|Sap3	29.197	274	158	6	55	301	49	313	6.34e-29	108
PYU1_T001207	Q00663|PHI17|Acp	30.833	240	134	5	70	289	74	301	5.04e-27	102
PYU1_T001207	P0DJ06|PHI72PHI6784PHI6790PHI6812|Sap2	32.234	273	140	12	68	312	68	323	9.15e-27	102
PYU1_T000221	SSPbP94	23.864	264	173	10	77	323	49	301	2.52e-12	59.7
PYU1_T008263	P29138|PHI4615|Pr1	30.952	210	108	11	13	218	178	354	2.01e-08	47.4
PYU1_T004869	N4TQ97	40.729	329	178	4	18	334	33	356	2.75e-76	233
PYU1_T004869	X0K3U9	41.411	326	180	4	18	334	32	355	3.15e-74	227
PYU1_T005043	SSPbP94	22.905	179	122	4	8	182	44	210	4.04e-07	43.5
PYU1_T015229	crn1	36.471	85	47	4	4	86	2	81	4.89e-07	38.9
PYU1_T008419	P0CY29|PHI6785PHI6791PHI6813|Sap3	22.284	359	222	13	128	471	71	387	1.21e-10	56.6
PYU1_T008419	P0DJ06|PHI72PHI6784PHI6790PHI6812|Sap2	24.185	368	206	18	128	471	69	387	4.02e-08	48.5
PYU1_T008419	P0CY26|PHI68|Sap1	21.466	382	241	10	108	471	40	380	1.91e-07	46.6
PYU1_T009911	SSPbP94	24.621	264	179	8	3	263	47	293	3.10e-15	67.8
PYU1_T015128	X0K3U9	42.742	248	127	3	26	261	32	276	2.38e-61	191
PYU1_T015128	N4TQ97	41.935	248	129	3	26	261	33	277	7.57e-60	187
PYU1_T013935	SSPbP94	27.273	165	116	1	29	193	139	299	1.01e-14	67.0
PYU1_T014549	Q00663|PHI17|Acp	23.256	172	122	3	55	220	205	372	5.52e-13	60.8
PYU1_T014549	P0CY29|PHI6785PHI6791PHI6813|Sap3	23.377	231	151	8	3	220	158	375	5.39e-09	48.9
PYU1_T014549	P0DJ06|PHI72PHI6784PHI6790PHI6812|Sap2	20.426	235	156	7	3	221	157	376	5.49e-09	48.9
PYU1_T003554	P29138|PHI4615|Pr1	32.374	278	158	11	134	406	99	351	2.01e-19	82.8
PYU1_T003554	KEX1	24.841	314	184	11	167	453	178	466	5.66e-09	51.2
PYU1_T005369	SSPbP94	27.203	261	154	8	19	256	51	298	6.69e-18	75.5
PYU1_T013142	SSPbP94	30.627	271	164	6	17	283	51	301	2.21e-32	115
PYU1_T012160	Q6PQG3|PHI4252|Epi10	29.000	100	53	3	42	123	105	204	1.64e-07	41.6
PYU1_T012160	EPI1	33.846	65	35	1	8	72	77	133	6.62e-07	39.3
PYU1_T008464	Q01905|PHI111PHI760|Inf1	29.762	84	57	1	33	114	35	118	2.78e-10	47.8
PYU1_T008464	O42719|PHI764|Inf2b	27.473	91	61	2	26	111	25	115	3.86e-07	40.0
PYU1_T008464	O42718|PHI762|Inf2a	27.473	91	61	2	26	111	25	115	4.04e-07	40.0
PYU1_T007634	P29138|PHI4615|Pr1	30.515	272	150	13	153	416	111	351	9.23e-14	65.5
PYU1_T007634	KEX1	23.250	400	261	15	44	419	47	424	1.11e-09	53.5
PYU1_T004661	P43070|PHI61|Bgl2	23.443	273	170	11	72	321	44	300	6.37e-07	43.9
PYU1_T003645	O42830|PHI660|Cbel(gp34)	34.673	199	116	1	4	188	67	265	8.24e-40	130
PYU1_T011854	EPIC1	40.196	102	61	0	113	214	25	126	6.54e-28	96.3
PYU1_T008434	O42718|PHI762|Inf2a	35.632	87	48	2	29	111	33	115	3.48e-11	52.8
PYU1_T008434	O42719|PHI764|Inf2b	35.632	87	48	2	29	111	33	115	1.11e-10	51.2
PYU1_T003056	FGL1_Fusarium_graminearum	31.844	179	117	4	117	293	71	246	6.66e-23	91.3
PYU1_T014096	SSPbP94	22.993	274	182	7	32	296	46	299	7.16e-12	58.2
PYU1_T006323	P43070|PHI61|Bgl2	31.734	271	165	9	44	299	35	300	2.36e-36	127
PYU1_T002799	P29138|PHI4615|Pr1	25.201	373	220	16	4	368	33	354	2.88e-14	67.4
PYU1_T002799	KEX1	26.176	340	181	13	125	434	178	477	3.95e-09	52.0
PYU1_T009409	P29138|PHI4615|Pr1	28.808	302	170	13	131	418	81	351	4.32e-12	60.5
PYU1_T009409	KEX1	25.697	323	171	11	178	465	178	466	4.00e-10	55.1
PYU1_T006325	P43070|PHI61|Bgl2	27.778	270	176	7	50	304	35	300	6.79e-28	106
PYU1_T001215	P0CY26|PHI68|Sap1	31.366	322	176	11	68	358	62	369	8.47e-36	128
PYU1_T001215	Q00663|PHI17|Acp	31.861	317	179	9	70	362	74	377	2.41e-35	127
PYU1_T001215	P0CY29|PHI6785PHI6791PHI6813|Sap3	30.915	317	181	10	68	357	70	375	1.92e-34	124
PYU1_T001215	P0DJ06|PHI72PHI6784PHI6790PHI6812|Sap2	30.650	323	178	13	68	358	68	376	1.46e-32	119
PYU1_T008480	FGL1_Fusarium_graminearum	27.854	219	131	3	171	389	67	258	1.29e-17	76.6
PYU1_T003601	P0DJ06|PHI72PHI6784PHI6790PHI6812|Sap2	23.607	377	224	15	111	474	59	384	9.98e-13	62.8
PYU1_T003601	P0CY29|PHI6785PHI6791PHI6813|Sap3	22.135	384	237	14	102	474	52	384	5.91e-12	60.5
PYU1_T003601	P0CY26|PHI68|Sap1	22.980	396	191	18	117	474	58	377	2.31e-10	55.5
PYU1_T001031	Q0ZJ79|PHI2343|Pcipg2	61.050	362	130	5	9	366	7	361	8.11e-129	367
PYU1_T001031	O94100|PHI103PHI1027|Bcpga1Bcpg1	41.033	329	174	9	48	366	64	382	3.29e-69	216
PYU1_T001031	P41749|PHI88|Peca	34.759	374	225	12	1	366	1	363	2.91e-63	200
PYU1_T001031	P78607|PHI247|Cppg1	38.608	316	179	7	47	354	48	356	2.23e-62	197
PYU1_T001031	Q9C4A0|PHI2817|Aapg1	35.227	352	211	10	26	367	35	379	4.22e-60	192
PYU1_T004376	crn2	44.144	111	58	2	1	111	301	407	2.44e-21	81.3
PYU1_T014879	SSPbP94	29.730	259	166	5	11	265	47	293	8.40e-30	108
PYU1_T013451	SSPbP94	25.134	187	117	8	5	181	94	267	2.59e-09	48.9
PYU1_T014640	OASTL	31.043	422	222	13	153	519	21	428	4.56e-42	149
PYU1_T011922	SSPbP94	24.286	280	166	9	27	296	57	300	3.77e-11	56.2
PYU1_T006932	PsCRN108	26.364	220	139	7	33	233	137	352	3.95e-20	82.4
PYU1_T012500	SSPbP94	27.881	269	168	8	36	294	49	301	4.05e-20	82.4
PYU1_T010643	M2TW52|PHI4988|Ppt1	29.225	284	190	6	77	351	28	309	1.48e-41	141
PYU1_T004715	GIP1	34.783	230	124	10	65	284	39	252	2.80e-30	111
PYU1_T004715	Q945T9|PHI653|Gip2	31.982	222	140	6	66	284	40	253	3.10e-29	109
PYU1_T003267	Q5TIP4|PHI2347|Pgip2	27.907	301	185	11	9	303	25	299	4.12e-23	92.4
PYU1_T014996	crn2	44.681	376	153	8	11	346	2	362	6.01e-93	278
PYU1_T014996	crn1	25.000	360	223	14	11	345	2	339	7.99e-19	80.1
PYU1_T012377	crn1	57.386	176	74	1	1	175	255	430	9.81e-69	209
PYU1_T003643	O42830|PHI660|Cbel(gp34)	44.393	214	117	1	126	337	54	267	5.34e-52	169
PYU1_T013384	SSPbP94	27.572	243	146	12	2	236	47	267	4.56e-16	70.5
PYU1_T004928	Q945T9|PHI653|Gip2	44.889	225	113	5	46	259	28	252	1.09e-61	190
PYU1_T004928	GIP1	42.358	229	116	6	46	261	28	253	8.58e-58	179
PYU1_T011256	L7NCR0|PHI8061|Pc129892	59.565	230	90	2	9	237	6	233	4.95e-101	287
PYU1_T011256	NEP1	40.726	248	129	4	2	235	1	244	6.96e-62	188
PYU1_T011256	Q0E7H7|PHI2342|Benep2	43.154	241	128	5	2	237	8	244	2.12e-59	181
PYU1_T011256	MoSPD9	40.756	238	129	7	2	236	1	229	1.58e-51	161
PYU1_T011256	FocSix8	40.359	223	119	4	24	236	34	252	3.95e-49	155
PYU1_T007649	P29138|PHI4615|Pr1	31.022	274	148	13	154	419	111	351	8.49e-18	78.2
PYU1_T007649	KEX1	22.881	354	222	15	150	478	151	478	4.31e-07	45.1
PYU1_T002647	Zt89160	22.969	357	217	15	51	377	61	389	4.93e-08	48.1
PYU1_T011915	P29138|PHI4615|Pr1	34.231	260	133	13	164	414	117	347	1.37e-19	84.0
PYU1_T011915	KEX1	26.970	330	198	15	169	478	173	479	3.47e-14	68.2
PYU1_T004866	Q945T9|PHI653|Gip2	38.496	226	127	5	46	260	28	252	1.70e-52	166
PYU1_T004866	GIP1	38.095	231	124	8	46	262	28	253	4.58e-47	151
PYU1_T002781	Q6PQG3|PHI4252|Epi10	30.882	136	74	3	1	126	1	126	2.43e-09	47.0
PYU1_T002781	EPI1	30.769	104	51	2	40	133	39	131	5.27e-08	42.4
PYU1_T005237	Q01905|PHI111PHI760|Inf1	25.882	85	60	2	33	114	32	116	1.04e-07	42.0
PYU1_T004923	N4TQ97	40.964	332	187	2	19	342	26	356	6.92e-79	239
PYU1_T004923	X0K3U9	40.964	332	187	2	19	342	25	355	1.79e-76	233
PYU1_T011877	SSPbP94	28.374	289	175	11	185	467	38	300	1.01e-15	70.9
PYU1_T014548	Q00663|PHI17|Acp	23.313	326	202	11	85	380	70	377	3.81e-14	66.2
PYU1_T014548	P0DJ06|PHI72PHI6784PHI6790PHI6812|Sap2	22.840	324	201	15	89	378	70	378	7.71e-13	62.4
PYU1_T014548	P0CY29|PHI6785PHI6791PHI6813|Sap3	22.687	335	209	14	75	378	63	378	2.22e-12	60.8
PYU1_T014548	P0CY26|PHI68|Sap1	21.318	258	161	10	89	316	64	309	1.65e-07	45.8
PYU1_T008712	SSPbP94	22.727	264	170	9	14	265	53	294	2.55e-14	65.5
PYU1_T004864	Q945T9|PHI653|Gip2	38.938	226	126	5	46	260	28	252	1.69e-52	166
PYU1_T004864	GIP1	38.095	231	124	8	46	262	28	253	4.34e-47	151
PYU1_T007016	O42830|PHI660|Cbel(gp34)	57.944	107	45	0	44	150	161	267	2.14e-39	127
PYU1_T003942	SSPbP94	35.000	220	127	6	39	251	91	301	3.91e-33	116
PYU1_T004298	SSPbP94	25.203	246	162	7	124	360	68	300	2.14e-14	66.2
PYU1_T008647	Avr1b-2	28.947	76	47	2	16	90	12	81	6.49e-08	43.9
PYU1_T011261	L7NCR0|PHI8061|Pc129892	65.217	230	77	2	8	236	6	233	5.12e-104	295
PYU1_T011261	Q0E7H7|PHI2342|Benep2	46.364	220	107	4	21	236	32	244	1.89e-61	187
PYU1_T011261	NEP1	39.516	248	132	4	1	234	1	244	3.94e-58	178
PYU1_T011261	MoSPD9	40.278	216	118	5	22	235	23	229	1.37e-49	156
PYU1_T011261	FocSix8	41.150	226	117	6	21	235	32	252	4.76e-47	150
PYU1_T009387	Q01905|PHI111PHI760|Inf1	30.435	115	77	2	1	112	1	115	1.10e-11	51.2
PYU1_T009387	O42719|PHI764|Inf2b	36.047	86	53	1	29	112	30	115	2.37e-11	51.6
PYU1_T009387	O42718|PHI762|Inf2a	34.884	86	54	1	29	112	30	115	1.10e-10	49.7
PYU1_T001217	Q00663|PHI17|Acp	30.818	318	182	8	72	365	74	377	3.51e-34	124
PYU1_T001217	P0DJ06|PHI72PHI6784PHI6790PHI6812|Sap2	30.473	338	187	15	55	360	54	375	5.38e-33	120
PYU1_T001217	P0CY29|PHI6785PHI6791PHI6813|Sap3	29.245	318	186	10	70	360	70	375	3.07e-31	115
PYU1_T001217	P0CY26|PHI68|Sap1	27.640	322	187	12	70	360	62	368	2.46e-27	105
PYU1_T001402	N4TQ97	40.299	335	178	5	23	343	30	356	7.22e-74	227
PYU1_T001402	X0K3U9	40.176	341	170	6	23	343	29	355	1.50e-72	223
PYU1_T013864	HaRxL36	61.600	125	48	0	112	236	1	125	3.58e-53	161
PYU1_T012161	Q6PQG3|PHI4252|Epi10	34.426	122	65	5	5	114	9	127	8.15e-10	48.5
PYU1_T012161	EPI1	33.333	96	61	3	24	118	36	129	1.62e-07	41.2
PYU1_T013835	crn2	29.787	94	60	2	31	118	174	267	1.57e-07	42.0
PYU1_T011257	L7NCR0|PHI8061|Pc129892	60.563	71	28	0	8	78	6	76	1.29e-26	90.9
PYU1_T011257	Q0E7H7|PHI2342|Benep2	51.786	56	27	0	23	78	34	89	5.91e-15	60.5
PYU1_T011257	NEP1	42.373	59	34	0	23	81	34	92	2.60e-14	58.9
PYU1_T011257	MoSPD9	39.241	79	42	3	1	78	1	74	1.50e-13	56.6
PYU1_T011257	FocSix8	41.071	56	33	0	23	78	34	89	7.63e-12	52.0
PYU1_T011651	crn2	49.362	470	189	6	4	439	2	456	1.41e-144	414
PYU1_T011651	crn1	27.214	463	274	23	4	438	2	429	2.31e-25	100
PYU1_T007802	SSPbP94	25.517	290	183	10	35	310	30	300	6.23e-20	82.0
PYU1_T004372	crn1	38.384	99	57	2	11	109	232	326	2.33e-16	66.6
PYU1_T014555	Q00663|PHI17|Acp	23.313	326	202	11	85	380	70	377	3.81e-14	66.2
PYU1_T014555	P0DJ06|PHI72PHI6784PHI6790PHI6812|Sap2	22.840	324	201	15	89	378	70	378	7.71e-13	62.4
PYU1_T014555	P0CY29|PHI6785PHI6791PHI6813|Sap3	22.687	335	209	14	75	378	63	378	2.22e-12	60.8
PYU1_T014555	P0CY26|PHI68|Sap1	21.318	258	161	10	89	316	64	309	1.65e-07	45.8
PYU1_T002802	O42830|PHI660|Cbel(gp34)	28.241	216	125	5	90	297	61	254	2.42e-11	56.2
PYU1_T007633	P29138|PHI4615|Pr1	29.568	301	161	16	132	414	84	351	9.74e-14	65.5
PYU1_T007633	KEX1	23.559	399	260	14	43	417	47	424	3.78e-11	58.2
PYU1_T002920	O42830|PHI660|Cbel(gp34)	41.887	265	125	7	12	253	7	265	4.45e-59	182
PYU1_T006009	SSPbP94	28.139	231	134	8	91	311	86	294	4.11e-12	59.3
PYU1_T008435	O42718|PHI762|Inf2a	36.782	87	47	2	29	111	33	115	3.01e-12	55.5
PYU1_T008435	O42719|PHI764|Inf2b	36.782	87	47	2	29	111	33	115	1.08e-11	53.9
PYU1_T010864	SSPbP94	27.976	168	102	8	3	159	134	293	3.71e-07	43.5
PYU1_T014539	P0DJ06|PHI72PHI6784PHI6790PHI6812|Sap2	23.294	425	254	19	13	408	3	384	1.42e-13	65.5
PYU1_T014539	P0CY26|PHI68|Sap1	22.381	420	257	18	13	408	3	377	5.86e-11	57.4
PYU1_T014539	P0CY29|PHI6785PHI6791PHI6813|Sap3	24.860	358	209	19	81	408	57	384	8.18e-10	53.5
PYU1_T014539	Q00663|PHI17|Acp	23.161	367	221	18	70	408	48	381	2.29e-07	45.8
PYU1_T004870	N4TQ97	40.729	329	178	4	34	350	33	356	3.01e-76	233
PYU1_T004870	X0K3U9	41.411	326	180	4	34	350	32	355	3.67e-74	228
PYU1_T003535	P29138|PHI4615|Pr1	26.885	305	185	11	114	410	77	351	2.83e-11	57.8
PYU1_T002806	P29138|PHI4615|Pr1	24.225	355	215	13	4	352	33	339	4.81e-12	59.7
PYU1_T009312	P29138|PHI4615|Pr1	34.091	132	67	6	20	145	238	355	1.50e-07	43.5
PYU1_T007603	SSPbP94	23.834	193	134	5	129	315	50	235	7.89e-12	58.2
PYU1_T004920	X0K3U9	44.186	215	120	0	19	233	25	239	3.79e-57	181
PYU1_T004920	N4TQ97	43.192	213	121	0	19	231	26	238	2.20e-56	179
PYU1_T009509	Q0ZJ79|PHI2343|Pcipg2	56.863	102	42	1	13	112	10	111	7.38e-27	95.5
PYU1_T009509	P41749|PHI88|Peca	43.966	116	59	3	6	116	1	115	2.70e-23	85.9
PYU1_T009509	Q4G495|PHI492|Bcpg2	41.739	115	63	2	4	116	6	118	1.52e-20	78.6
PYU1_T009509	P78607|PHI247|Cppg1	48.000	75	39	0	32	106	32	106	9.49e-19	73.6
PYU1_T009509	P78608|PHI437|Cppg2	46.667	75	40	0	32	106	32	106	4.43e-18	71.6
PYU1_T007796	Q9HFZ2|PHI184|Rbt4	32.061	131	76	5	149	272	216	340	4.93e-10	52.4
PYU1_T014337	EPI1	28.906	128	85	3	1	125	1	125	5.81e-10	48.1
PYU1_T011255	L7NCR0|PHI8061|Pc129892	61.739	230	85	2	9	237	6	233	8.47e-105	296
PYU1_T011255	NEP1	41.129	248	128	4	2	235	1	244	2.06e-62	189
PYU1_T011255	Q0E7H7|PHI2342|Benep2	42.742	248	127	5	1	237	1	244	1.37e-61	187
PYU1_T011255	MoSPD9	39.496	238	133	6	1	236	1	229	5.18e-52	162
PYU1_T011255	FocSix8	38.565	223	123	4	24	236	34	252	2.19e-47	151
PYU1_T004662	O42830|PHI660|Cbel(gp34)	47.826	184	92	3	2	183	86	267	5.50e-41	133
PYU1_T000142	Q6PQG3|PHI4252|Epi10	34.759	187	96	6	11	175	11	193	7.31e-23	87.8
PYU1_T000142	EPI1	30.769	130	80	4	123	251	14	134	1.97e-12	57.4
PYU1_T004861	Q945T9|PHI653|Gip2	49.123	228	106	4	46	263	28	255	6.88e-72	216
PYU1_T004861	GIP1	41.304	276	127	8	1	263	1	254	1.13e-61	189
PYU1_T009390	O42719|PHI764|Inf2b	34.884	86	54	1	29	112	30	115	8.45e-12	52.8
PYU1_T009390	Q01905|PHI111PHI760|Inf1	30.435	115	77	2	1	112	1	115	1.40e-11	50.8
PYU1_T009390	O42718|PHI762|Inf2a	33.721	86	55	1	29	112	30	115	3.87e-11	50.8
PYU1_T009392	Q01905|PHI111PHI760|Inf1	29.762	84	57	1	29	110	32	115	9.75e-11	48.5
PYU1_T009392	O42719|PHI764|Inf2b	31.395	86	57	1	27	110	30	115	9.78e-09	44.3
PYU1_T009392	O42718|PHI762|Inf2a	29.885	87	59	1	26	110	29	115	5.49e-08	42.0
PYU1_T014584	P43070|PHI61|Bgl2	27.636	275	178	8	38	296	24	293	5.16e-23	91.3
PYU1_T011906	P29138|PHI4615|Pr1	32.812	256	137	12	151	396	117	347	1.54e-20	86.7
PYU1_T011906	KEX1	26.479	355	200	16	146	465	156	484	9.13e-15	70.1
PYU1_T009332	P29138|PHI4615|Pr1	29.154	319	168	16	118	418	77	355	6.42e-15	69.3
PYU1_T009332	KEX1	26.019	319	176	13	177	464	178	467	2.99e-09	52.0
PYU1_T006888	OASTL	34.118	425	235	11	12	397	9	427	1.76e-64	206
PYU1_T000780	SSPbP94	23.288	292	178	8	32	315	50	303	7.51e-12	58.2
PYU1_T010811	SSPbP94	23.828	256	171	7	30	277	54	293	9.36e-10	51.6
PYU1_T012805	EPIC1	35.185	108	65	3	31	138	20	122	1.13e-13	59.3
PYU1_T014417	N4TQ97	38.462	182	95	4	2	171	180	356	5.88e-32	111
PYU1_T014417	X0K3U9	37.912	182	96	4	2	171	179	355	2.26e-30	107
PYU1_T001546	P29138|PHI4615|Pr1	28.000	300	172	11	123	412	82	347	6.17e-12	60.1
PYU1_T001546	KEX1	25.215	349	203	14	140	463	152	467	7.86e-12	60.5
PYU1_T005238	SSPbP94	24.107	336	193	9	13	337	16	300	1.69e-16	72.4
PYU1_T001601	KEX1	26.625	323	199	10	121	424	163	466	1.10e-15	72.4
PYU1_T001601	P29138|PHI4615|Pr1	28.261	230	144	6	144	373	139	347	1.76e-13	64.3
PYU1_T014416	N4TQ97	40.426	329	179	4	26	342	33	356	7.95e-76	232
PYU1_T014416	X0K3U9	40.729	329	178	4	26	342	32	355	1.38e-75	231
PYU1_T008463	Q01905|PHI111PHI760|Inf1	29.762	84	57	1	33	114	35	118	2.78e-10	47.8
PYU1_T008463	O42719|PHI764|Inf2b	27.473	91	61	2	26	111	25	115	3.86e-07	40.0
PYU1_T008463	O42718|PHI762|Inf2a	27.473	91	61	2	26	111	25	115	4.04e-07	40.0
PYU1_T007635	P29138|PHI4615|Pr1	32.753	287	156	11	137	416	95	351	1.26e-19	83.6
PYU1_T007635	KEX1	24.725	364	225	16	129	475	147	478	2.80e-10	55.5
PYU1_T015309	O42830|PHI660|Cbel(gp34)	28.436	211	88	5	92	239	58	268	6.62e-14	63.9
PYU1_T004769	crn1	56.364	55	24	0	1	55	1	55	7.81e-15	59.7
PYU1_T004769	crn2	49.091	55	28	0	1	55	1	55	5.89e-12	51.6
PYU1_T004769	PsCRN108	48.276	58	29	1	1	57	1	58	2.57e-11	49.7
PYU1_T011500	PsCRN108	31.515	165	93	8	1	153	1	157	6.41e-09	49.3
PYU1_T009395	Q01905|PHI111PHI760|Inf1	31.532	111	72	2	6	112	5	115	5.96e-12	51.6
PYU1_T009395	O42719|PHI764|Inf2b	31.868	91	57	2	27	112	25	115	2.06e-09	46.2
PYU1_T009395	O42718|PHI762|Inf2a	30.769	91	58	2	27	112	25	115	4.40e-08	42.4
PYU1_T010816	crn2	32.414	145	74	4	1	122	5	148	5.72e-15	63.5
PYU1_T010816	crn1	33.333	123	72	5	2	119	6	123	8.89e-13	57.4
PYU1_T003696	SSPbP94	25.126	199	116	5	137	331	54	223	7.43e-11	55.5
PYU1_T009388	Q01905|PHI111PHI760|Inf1	28.571	84	58	1	29	110	32	115	1.73e-09	45.4
PYU1_T009388	O42718|PHI762|Inf2a	29.070	86	59	1	27	110	30	115	5.31e-08	42.4
PYU1_T009388	O42719|PHI764|Inf2b	29.070	86	59	1	27	110	30	115	5.85e-08	42.0
PYU1_T003553	P29138|PHI4615|Pr1	32.353	272	153	11	145	408	103	351	1.45e-22	92.4
PYU1_T003553	KEX1	22.508	311	195	10	169	455	178	466	1.61e-08	49.7
PYU1_T011903	P29138|PHI4615|Pr1	32.184	261	142	12	173	424	113	347	5.24e-17	75.9
PYU1_T011903	KEX1	26.984	315	183	12	188	478	178	469	1.14e-11	60.1
PYU1_T004387	crn1	30.462	325	164	7	5	276	116	431	6.32e-37	129
PYU1_T004387	crn2	21.562	320	165	12	5	256	138	439	8.27e-09	48.9
PYU1_T009668	PsCRN108	31.148	122	81	1	3	124	4	122	4.07e-11	55.5
PYU1_T003890	SSPbP94	27.679	224	150	5	53	272	79	294	2.99e-15	68.2
PYU1_T001612	KEX1	26.364	440	250	19	20	424	66	466	5.14e-16	73.2
PYU1_T001612	P29138|PHI4615|Pr1	28.571	231	142	8	144	373	139	347	2.96e-08	48.1
PYU1_T013339	EPI1	26.667	105	55	2	39	136	45	134	2.93e-07	40.4
PYU1_T013339	Q6PQG3|PHI4252|Epi10	31.868	91	59	2	39	126	36	126	3.05e-07	41.2
PYU1_T007714	O42830|PHI660|Cbel(gp34)	46.951	164	63	2	58	197	54	217	7.53e-40	131
PYU1_T012526	crn2	47.660	470	187	9	11	436	2	456	6.95e-139	399
PYU1_T012526	crn1	26.134	463	272	23	11	436	2	431	5.07e-22	90.9
