PITG_02623	P0DJ06|PHI72PHI6784PHI6790PHI6812|Sap2	21.013	395	226	13	58	425	61	396	3.11e-10	55.5
PITG_02623	P0CY26|PHI68|Sap1	23.200	375	209	18	74	425	71	389	5.27e-09	51.6
PITG_02623	Q00663|PHI17|Acp	21.253	367	226	13	71	425	78	393	8.02e-08	47.8
PITG_22880	PsPSR2	34.188	117	70	2	84	200	261	370	1.87e-16	70.1
PITG_22880	PsAvh163	29.508	122	78	2	76	197	254	367	2.23e-13	61.2
PITG_22880	HaRxL24	28.947	152	96	5	41	187	12	156	2.55e-12	57.8
PITG_22880	HaRxL96	25.234	214	139	8	1	200	1	207	4.37e-10	51.2
PITG_07467	crn1	31.061	132	70	4	1	120	1	123	3.34e-10	50.8
PITG_16845	PsPSR2	36.792	212	131	2	62	271	160	370	1.21e-40	143
PITG_16845	HaRxL24	29.487	234	156	5	37	267	25	252	9.20e-24	93.2
PITG_16845	PsAvh163	31.053	190	123	6	77	260	265	452	1.76e-16	72.8
PITG_16845	HaRxL96	26.609	233	144	10	10	224	25	248	2.48e-14	65.9
PITG_11909	P29138|PHI4615|Pr1	31.559	263	142	12	178	429	117	352	5.86e-15	69.7
PITG_11909	KEX1	25.357	280	173	10	183	442	173	436	1.14e-10	57.0
PITG_08944	PsXEG1	50.455	220	107	2	23	240	22	241	1.37e-74	220
PITG_22995	Q6PQG3|PHI4252|Epi10	43.750	64	28	3	26	84	10	70	5.49e-09	44.3
PITG_08949	AVR2_1	69.620	79	24	0	1	79	1	79	1.33e-35	111
PITG_13680	Q945T9|PHI653|Gip2	47.639	233	116	4	25	252	26	257	1.65e-75	225
PITG_13680	GIP1	44.615	260	132	7	1	252	1	256	1.49e-70	211
PITG_11077	Q5TIP4|PHI2347|Pgip2	31.193	218	146	4	71	286	90	305	2.86e-24	94.4
PITG_16866	L7NCR0|PHI8061|Pc129892	65.385	234	78	2	4	237	3	233	3.32e-111	313
PITG_16866	Q0E7H7|PHI2342|Benep2	41.633	245	124	7	4	237	8	244	5.44e-55	170
PITG_16866	NEP1	39.381	226	124	6	15	235	27	244	1.58e-49	156
PITG_16866	MoSPD9	38.889	216	121	4	22	236	24	229	9.03e-48	151
PITG_16866	FocSix8	37.344	241	134	7	7	236	18	252	2.54e-44	143
PITG_23051	L7NCR0|PHI8061|Pc129892	40.486	247	129	9	1	244	1	232	7.13e-46	148
PITG_23051	NEP1	33.051	236	127	8	18	243	30	244	8.11e-31	109
PITG_23051	Q0E7H7|PHI2342|Benep2	31.765	255	142	9	2	243	7	242	4.19e-27	99.4
PITG_23051	FocSix8	32.422	256	146	8	3	244	10	252	1.05e-23	90.5
PITG_23051	MoSPD9	27.615	239	156	7	6	244	8	229	2.03e-22	86.7
PITG_12458	PsPSR2	38.956	249	145	2	54	302	156	397	2.21e-61	200
PITG_12458	HaRxL24	28.571	280	176	5	48	317	36	301	7.62e-32	115
PITG_12458	PsAvh163	29.268	246	149	6	68	304	260	489	2.55e-21	87.4
PITG_12458	HaRxL96	29.461	241	144	11	62	292	178	402	9.05e-17	73.6
PITG_12458	HaRxL22	23.982	221	146	6	83	296	75	280	1.52e-09	51.2
PITG_07556	AVR1	24.691	162	90	5	58	211	64	201	1.76e-07	43.5
PITG_07452	Q6PQG3|PHI4252|Epi10	34.545	55	36	0	19	73	154	208	2.49e-08	42.4
PITG_03417	SSPbP94	28.994	169	103	4	27	195	149	300	2.85e-14	65.5
PITG_06080	PsPSR2	30.197	457	297	11	107	544	86	539	6.80e-58	199
PITG_06080	BSW11	26.136	440	277	14	81	498	61	474	5.59e-32	123
PITG_06080	PsAvh163	25.455	385	254	11	152	520	129	496	7.25e-22	92.0
PITG_06080	BLR36	24.290	317	208	11	99	403	84	380	2.99e-18	80.5
PITG_06080	HaRxL24	26.190	294	196	9	67	353	36	315	3.86e-17	76.6
PITG_18609	Avh5	38.514	148	74	5	1	146	1	133	1.29e-27	94.0
PITG_19808	PsPSR2	30.000	340	220	8	60	389	338	669	1.26e-42	151
PITG_19808	HaRxL24	28.339	307	203	8	33	334	21	315	1.64e-24	97.1
PITG_19808	PsAvh163	28.517	263	169	9	101	355	105	356	5.03e-22	90.9
PITG_19808	HaRxL96	23.105	277	198	7	84	355	106	372	3.61e-10	53.9
PITG_19808	HaRxL22	22.472	267	189	6	101	361	88	342	6.93e-08	46.6
PITG_19985	Q0ZJ79|PHI2343|Pcipg2	65.455	275	94	1	8	282	88	361	4.49e-123	349
PITG_19985	O94100|PHI103PHI1027|Bcpga1Bcpg1	38.328	287	157	9	8	282	104	382	1.16e-48	159
PITG_19985	P41749|PHI88|Peca	34.386	285	170	9	8	282	86	363	5.13e-48	157
PITG_19985	P78607|PHI247|Cppg1	36.981	265	152	7	8	262	89	348	4.16e-46	152
PITG_19985	O00094|PHI114|Pg1	37.770	278	138	8	13	265	85	352	2.81e-45	150
PITG_06962	PsXEG1	54.545	242	107	3	28	267	1	241	6.21e-84	250
PITG_03258	N4TQ97	37.651	332	192	5	22	343	30	356	1.07e-67	211
PITG_03258	X0K3U9	37.243	341	201	5	12	343	19	355	1.32e-66	208
PITG_08278	AVR2_1	41.964	112	52	6	1	104	1	107	3.21e-09	44.7
PITG_23135	Avrblb2	50.000	72	31	2	1	67	1	72	9.29e-15	57.8
PITG_21648	PsAvh163	30.837	227	145	6	41	262	57	276	9.43e-27	102
PITG_21648	PsPSR2	27.559	254	173	5	46	290	235	486	4.59e-23	92.4
PITG_21648	HaRxL96	26.087	230	148	7	24	234	39	265	8.83e-18	76.3
PITG_21648	HaRxL22	23.077	260	179	7	14	262	8	257	5.16e-11	55.8
PITG_07387	PiAvr4	100.000	287	0	0	1	287	1	287	0.0	591
PITG_21248	Q0ZJ79|PHI2343|Pcipg2	76.176	340	80	1	1	339	22	361	6.36e-176	486
PITG_21248	P41749|PHI88|Peca	34.582	347	208	9	5	339	24	363	5.70e-66	206
PITG_21248	O94100|PHI103PHI1027|Bcpga1Bcpg1	40.923	325	174	11	27	339	64	382	5.25e-65	204
PITG_21248	P78607|PHI247|Cppg1	38.255	298	172	6	8	298	30	322	1.33e-58	187
PITG_21248	P78608|PHI437|Cppg2	37.333	300	175	6	8	299	30	324	3.06e-58	186
PITG_20997	crn1	69.677	310	88	4	1	308	1	306	2.91e-141	399
PITG_20997	crn2	27.815	302	162	12	1	265	1	283	2.06e-14	66.2
PITG_04267	L7NCR0|PHI8061|Pc129892	38.494	239	134	5	40	277	6	232	6.30e-50	158
PITG_04267	NEP1	32.456	228	142	4	46	273	26	241	6.57e-39	130
PITG_04267	FocSix8	32.099	243	156	5	37	277	17	252	1.03e-35	122
PITG_04267	MoSPD9	35.047	214	126	5	35	248	5	205	1.22e-31	110
PITG_04267	Q0E7H7|PHI2342|Benep2	32.589	224	137	6	33	251	9	223	1.77e-28	103
PITG_16613	crn1	85.880	432	59	2	1	431	1	431	0.0	741
PITG_16613	crn2	28.866	485	259	22	1	429	1	455	3.28e-32	120
PITG_19621	Q0ZJ79|PHI2343|Pcipg2	57.658	111	27	3	1	111	1	91	8.06e-26	93.6
PITG_19621	P41749|PHI88|Peca	37.879	66	41	0	53	118	31	96	5.96e-11	52.0
PITG_07501	crn1	28.902	173	82	6	1	161	1	144	3.57e-10	50.8
PITG_15764	BLR20	31.325	249	151	8	1	240	1	238	4.83e-22	90.1
PITG_15764	BLN08_2	25.540	278	181	12	52	319	153	414	1.38e-14	67.4
PITG_15764	PsPSR2	23.671	207	125	7	90	284	266	451	1.85e-13	64.3
PITG_15764	HaRxL24	26.087	299	173	14	41	316	3	276	8.33e-12	58.5
PITG_16737	HaRxL2	27.273	154	107	2	34	187	8	156	2.72e-11	54.3
PITG_15980	P43070|PHI61|Bgl2	28.309	272	179	7	43	300	31	300	1.63e-27	105
PITG_15142	PsPSR2	38.060	402	242	5	68	466	160	557	3.18e-93	290
PITG_15142	HaRxL24	29.693	293	197	6	182	470	70	357	5.07e-33	122
PITG_15142	PsAvh163	27.229	415	279	10	29	434	32	432	1.53e-30	117
PITG_15142	BSW11	25.517	435	287	14	5	417	5	424	1.10e-15	72.4
PITG_15142	HaRxL96	22.619	252	185	6	114	360	129	375	3.81e-15	70.1
PITG_15660	SSPbP94	30.566	265	173	5	1	259	42	301	4.72e-31	111
PITG_21778	Avr3a/5	32.432	74	49	1	1	73	1	74	2.29e-07	40.0
PITG_15114	PsAvh163	31.967	488	290	18	47	521	46	504	7.35e-62	204
PITG_15114	HaRxL22	26.136	352	239	10	34	380	17	352	2.55e-26	103
PITG_15114	PsPSR2	27.100	369	254	10	62	420	143	506	1.70e-25	103
PITG_15114	HaRxL24	24.090	357	248	11	34	380	9	352	3.00e-10	54.7
PITG_22725	Avrblb2	51.389	72	30	2	1	67	1	72	4.54e-15	58.5
PITG_04810	PsCRN108	33.333	144	83	5	49	181	675	816	2.61e-13	60.5
PITG_12401	Q00298|PHI69|Cuta	30.636	173	101	6	27	194	31	189	2.65e-13	59.7
PITG_12401	Q99174|PHI2849|Cuta	26.904	197	122	6	25	210	45	230	1.11e-12	58.2
PITG_11374	PsXEG1	42.373	59	34	0	39	97	21	79	7.15e-10	47.4
PITG_04812	PsCRN108	31.259	707	383	28	93	732	146	816	4.06e-79	264
PITG_05918	Avr1b-1	39.416	137	74	4	1	130	1	135	9.67e-20	73.2
PITG_05918	AVR3a	30.065	153	75	5	1	131	1	143	4.63e-10	48.1
PITG_06077	AVR2_1	41.463	82	45	2	1	82	1	79	1.97e-12	53.1
PITG_06077	PsAvh23	37.607	117	50	7	1	100	1	111	1.66e-08	43.1
PITG_09741	Avr3a/5	41.333	75	42	2	1	74	1	74	5.22e-10	47.4
PITG_06030	PsAvh163	35.882	170	103	4	41	206	43	210	3.78e-27	100
PITG_06030	PsPSR2	29.752	121	79	2	86	206	187	301	1.55e-13	62.0
PITG_06030	HaRxL96	29.268	123	84	2	84	206	108	227	1.25e-10	53.1
PITG_06030	HaRxL22	25.000	160	112	4	43	195	29	187	4.28e-09	48.5
PITG_15255	PsAvh23	41.111	90	39	4	1	76	1	90	5.51e-12	52.8
PITG_15255	RXLR21	34.091	88	51	2	1	82	1	87	3.95e-10	47.4
PITG_16710	PsPSR2	27.215	158	69	5	22	178	197	309	8.08e-11	55.8
PITG_16710	HaRxL24	25.749	167	80	6	2	168	68	190	2.55e-07	44.7
PITG_15152	PsPSR2	45.556	630	328	9	47	666	39	663	0.0	546
PITG_15152	PsAvh163	24.145	497	339	14	26	502	26	504	3.73e-31	121
PITG_15152	BSW11	21.891	402	261	12	283	663	98	467	7.65e-16	73.9
PITG_17199	crn2	96.718	457	14	1	1	457	1	456	0.0	899
PITG_17199	crn1	28.000	475	277	18	1	456	1	429	2.53e-32	121
PITG_07594	Avh5	38.514	148	74	5	1	146	1	133	1.61e-28	96.3
PITG_04085	Avrblb2	100.000	100	0	0	1	100	1	100	1.25e-70	199
PITG_14708	Q6PQG3|PHI4252|Epi10	26.519	181	115	6	86	249	16	195	2.23e-09	49.7
PITG_17871	PsPSR2	25.551	454	264	13	13	446	5	404	6.00e-38	140
PITG_17871	BLR36	26.190	294	170	11	94	344	90	379	9.72e-19	81.6
PITG_17871	PsAvh163	25.333	450	265	17	22	458	25	416	7.41e-18	79.3
PITG_17871	BLR13	24.737	380	245	12	66	433	64	414	9.68e-16	72.4
PITG_17871	HaRxL24	20.365	329	198	8	61	383	45	315	1.38e-10	55.8
PITG_22828	Avh5	38.806	134	68	3	1	129	1	125	1.86e-24	85.1
PITG_12167	SSPbP94	25.965	285	155	13	26	292	48	294	4.85e-12	58.5
PITG_22677	Q94FS7|PHI665|Pcf	77.273	66	15	0	1	66	1	66	2.24e-28	90.5
PITG_15038	PsPSR2	36.253	411	253	4	62	468	156	561	6.94e-89	279
PITG_15038	HaRxL24	31.529	314	201	6	50	356	30	336	8.11e-35	127
PITG_15038	PsAvh163	25.753	365	250	9	107	459	106	461	1.72e-27	108
PITG_15038	BSW11	23.573	403	263	12	8	392	16	391	2.90e-13	64.7
PITG_19302	PsPSR2	30.176	454	294	13	19	456	3	449	1.61e-55	190
PITG_19302	PsAvh163	27.176	471	308	16	45	493	34	491	3.64e-33	125
PITG_19302	HaRxL22	22.939	279	195	7	210	476	86	356	7.42e-13	62.8
PITG_19302	HaRxL96	22.249	418	273	18	15	399	10	408	5.31e-07	44.7
PITG_00691	P29138|PHI4615|Pr1	27.707	314	185	14	74	380	77	355	2.30e-12	61.2
PITG_00691	KEX1	26.316	304	199	11	134	427	178	466	2.32e-10	55.5
PITG_04766	PsCRN108	32.518	695	391	27	93	733	146	816	5.09e-82	271
PITG_17054	W2MG57|PHI7911|Ppxyn1	49.580	357	171	3	1	357	1	348	1.02e-128	368
PITG_17054	Q8NJ73|PHI2043|Xyl-6	33.436	326	176	10	34	345	79	377	3.72e-52	171
PITG_17054	O59937|PHI569|Xyl3	32.268	313	177	10	46	345	91	381	1.59e-44	151
PITG_17054	CfEcp5	24.522	314	196	10	60	358	51	338	7.02e-22	88.6
PITG_15679	Avr3b	39.073	151	84	4	121	271	85	227	3.06e-18	74.7
PITG_20170	crn1	81.720	372	45	3	1	359	1	362	0.0	600
PITG_20170	crn2	29.744	390	214	13	1	347	1	373	8.64e-36	129
PITG_23195	Q6PQG3|PHI4252|Epi10	34.375	64	41	1	13	75	9	72	1.39e-07	40.4
PITG_23094	L7NCR0|PHI8061|Pc129892	45.992	237	120	6	1	234	1	232	7.84e-66	197
PITG_23094	Q0E7H7|PHI2342|Benep2	34.728	239	141	6	4	233	10	242	1.13e-37	125
PITG_23094	NEP1	32.710	214	135	5	24	233	36	244	2.30e-33	114
PITG_23094	MoSPD9	28.511	235	150	7	3	234	10	229	1.22e-31	109
PITG_23094	FocSix8	30.909	220	140	6	24	234	36	252	3.77e-28	101
PITG_17670	PsPSR2	21.505	186	135	5	61	243	34	211	1.06e-07	45.8
PITG_03639	O42830|PHI660|Cbel(gp34)	88.433	268	25	1	1	262	1	268	7.28e-161	441
PITG_02704	Q945T9|PHI653|Gip2	31.474	251	143	9	42	270	42	285	2.02e-29	106
PITG_02704	GIP1	30.924	249	151	8	8	244	6	245	2.19e-28	103
PITG_23055	L7NCR0|PHI8061|Pc129892	37.306	193	103	6	27	216	55	232	8.05e-34	115
PITG_23055	NEP1	33.503	197	107	9	25	215	66	244	3.41e-21	82.0
PITG_23055	Q0E7H7|PHI2342|Benep2	32.663	199	106	7	24	215	65	242	1.35e-20	80.5
PITG_23055	MoSPD9	28.646	192	120	4	27	216	53	229	1.94e-20	79.7
PITG_23055	FocSix8	30.348	201	113	7	27	216	68	252	1.54e-17	72.4
PITG_22722	PsPSR2	35.135	222	138	4	89	305	179	399	2.11e-41	145
PITG_22722	HaRxL24	28.571	224	147	5	87	302	67	285	2.60e-20	83.6
PITG_22722	PsAvh163	30.220	182	125	2	86	265	176	357	6.12e-19	80.1
PITG_22722	BSW03	25.882	170	117	6	106	273	186	348	8.86e-07	42.7
PITG_16991	PsXEG1	50.679	221	107	2	24	242	21	241	9.53e-82	238
PITG_06083	Avr1a	33.663	101	48	2	3	102	11	93	7.82e-09	43.1
PITG_23175	crn2	72.119	269	45	3	1	239	1	269	1.28e-128	365
PITG_23175	crn1	32.593	270	131	11	1	237	1	252	2.50e-22	88.2
PITG_23175	PsCRN108	37.791	172	97	6	1	166	1	168	5.70e-17	73.2
PITG_23175	RiNLE1	34.921	126	55	4	2	119	3	109	1.49e-12	59.7
PITG_23175	RiCRN1	34.921	126	55	4	2	119	3	109	1.49e-12	59.7
PITG_05095	PsPSR2	29.747	316	202	9	63	368	52	357	4.94e-39	140
PITG_05095	BSW11	26.316	285	181	7	1	278	8	270	8.12e-20	84.0
PITG_05095	HaRxL24	30.332	211	141	4	108	315	74	281	3.69e-19	81.3
PITG_05095	BLR13	27.607	326	196	13	73	370	72	385	7.59e-19	80.9
PITG_05095	BLR36	28.497	193	127	5	41	228	34	220	1.47e-14	67.8
PITG_14060	PsXEG1	44.796	221	104	3	20	222	21	241	1.34e-65	197
PITG_16597	crn1	85.417	432	60	3	1	430	1	431	0.0	733
PITG_16597	crn2	28.184	479	269	19	1	428	1	455	1.89e-32	121
PITG_08687	SSPbP94	27.404	208	118	8	123	324	54	234	4.88e-14	64.7
PITG_18503	crn2	79.431	457	67	3	3	433	1	456	0.0	703
PITG_18503	crn1	29.322	457	268	16	3	432	1	429	8.62e-40	141
PITG_04272	W2MG57|PHI7911|Ppxyn1	82.883	111	18	1	7	117	8	117	8.39e-63	190
PITG_04272	O59937|PHI569|Xyl3	41.111	90	49	3	28	115	80	167	7.60e-16	65.5
PITG_04272	Q8NJ73|PHI2043|Xyl-6	41.860	86	46	3	30	113	78	161	1.77e-14	61.6
PITG_04272	CfEcp5	29.293	99	65	4	28	124	26	121	8.89e-07	39.7
PITG_08190	P0CY26|PHI68|Sap1	23.352	364	203	18	51	396	72	377	2.46e-10	55.5
PITG_08190	P0CY29|PHI6785PHI6791PHI6813|Sap3	21.096	365	209	15	51	396	80	384	7.82e-08	47.4
PITG_08190	Q00663|PHI17|Acp	22.928	362	187	17	58	396	89	381	3.91e-07	45.4
PITG_13320	EPIC1	28.571	98	50	2	8	85	25	122	4.62e-12	51.6
PITG_17309	PsPSR2	26.948	308	203	7	20	306	5	311	1.31e-27	107
PITG_17309	HaRxL24	27.684	177	117	5	177	347	68	239	9.26e-11	55.5
PITG_17309	PsAvh163	27.111	225	149	9	132	345	131	351	1.82e-10	54.7
PITG_17309	BLR36	23.000	200	142	6	84	276	91	285	1.23e-07	45.8
PITG_13402	OASTL	30.602	415	233	12	159	525	21	428	8.72e-42	149
PITG_12129	Q6PQG3|PHI4252|Epi10	99.043	209	2	0	1	209	1	209	6.96e-155	422
PITG_12129	EPI1	36.364	132	66	3	75	201	14	132	5.38e-22	82.0
PITG_03637	O42830|PHI660|Cbel(gp34)	63.285	207	29	2	8	167	62	268	2.44e-79	230
PITG_21456	Q945T9|PHI653|Gip2	48.485	231	113	4	9	234	26	255	8.25e-77	228
PITG_21456	GIP1	46.639	238	116	6	4	234	21	254	1.01e-69	208
PITG_12731	PsPSR2	28.534	382	246	10	1	371	1	366	3.06e-40	144
PITG_12731	PsAvh163	24.047	341	239	9	22	354	21	349	6.26e-25	99.0
PITG_12731	HaRxL24	25.449	334	224	9	38	362	20	337	1.73e-23	93.6
PITG_12731	HaRxL22	19.544	307	226	7	38	340	26	315	1.57e-09	51.6
PITG_04767	PsCRN108	31.915	705	382	30	94	734	146	816	7.20e-80	266
PITG_19625	Q0ZJ79|PHI2343|Pcipg2	70.760	342	100	0	29	370	18	359	1.73e-158	443
PITG_19625	O94100|PHI103PHI1027|Bcpga1Bcpg1	44.648	327	156	12	59	370	64	380	3.09e-66	208
PITG_19625	P78607|PHI247|Cppg1	39.130	299	170	6	40	331	30	323	3.74e-61	194
PITG_19625	P41749|PHI88|Peca	38.080	323	183	9	44	356	31	346	4.04e-60	192
PITG_19625	P78608|PHI437|Cppg2	38.667	300	171	6	40	331	30	324	1.66e-59	190
PITG_23075	L7NCR0|PHI8061|Pc129892	36.431	269	128	6	4	271	3	229	6.73e-47	150
PITG_23075	NEP1	24.409	254	143	5	21	270	33	241	1.89e-24	92.4
PITG_23075	MoSPD9	27.076	277	140	10	8	274	5	229	9.57e-23	87.4
PITG_23075	Q0E7H7|PHI2342|Benep2	25.896	251	141	4	21	270	33	239	3.92e-21	83.2
PITG_23075	FocSix8	27.473	273	141	10	14	274	25	252	1.38e-19	79.3
PITG_13258	SSPbP94	31.599	269	160	7	8	268	41	293	1.55e-34	121
PITG_16282	Avr1b-1	40.789	76	41	3	1	74	1	74	1.44e-07	40.0
PITG_22940	Q6PQG3|PHI4252|Epi10	45.161	62	34	0	24	85	148	209	4.72e-15	60.8
PITG_22940	EPI1	36.620	71	40	2	19	84	69	139	1.95e-08	42.4
PITG_20300	Avrblb2	89.000	100	11	0	1	100	1	100	5.44e-49	144
PITG_00821	PsAvh23	36.667	90	50	3	1	84	1	89	8.50e-11	48.5
PITG_15037	PsPSR2	34.286	70	36	2	51	112	231	298	1.17e-07	42.0
PITG_22604	Avrblb2	52.055	73	28	2	1	66	1	73	3.21e-15	59.3
PITG_06191	Q945T9|PHI653|Gip2	44.586	157	82	4	1	155	103	256	1.35e-39	129
PITG_06191	GIP1	40.127	157	85	7	1	155	106	255	1.07e-27	97.8
PITG_14783	Avr3a/5	37.500	72	39	3	1	67	1	71	1.87e-08	42.7
PITG_21925	Q0ZJ79|PHI2343|Pcipg2	71.674	233	51	1	43	260	129	361	2.83e-102	296
PITG_21925	P41749|PHI88|Peca	38.559	236	121	6	44	260	133	363	1.12e-45	150
PITG_21925	Q9C4A0|PHI2817|Aapg1	37.500	240	119	8	45	260	146	378	1.08e-38	132
PITG_21925	O94100|PHI103PHI1027|Bcpga1Bcpg1	39.286	252	122	8	30	260	141	382	1.56e-38	132
PITG_21925	P78607|PHI247|Cppg1	36.752	234	125	5	45	258	137	367	5.79e-37	127
PITG_19636	Q0ZJ79|PHI2343|Pcipg2	68.421	152	48	0	1	152	205	356	8.15e-58	177
PITG_19636	P78607|PHI247|Cppg1	38.732	142	77	4	1	137	212	348	1.27e-21	82.8
PITG_19636	P78608|PHI437|Cppg2	37.324	142	79	4	1	137	213	349	1.56e-19	77.0
PITG_19636	P41749|PHI88|Peca	32.877	146	87	5	1	141	207	346	1.70e-19	77.0
PITG_19636	O00094|PHI114|Pg1	38.655	119	67	3	1	118	214	327	1.03e-17	72.0
PITG_09109	PsPSR2	33.784	148	90	1	84	231	234	373	7.33e-25	95.5
PITG_09109	HaRxL24	34.746	118	69	1	116	233	65	174	2.24e-15	67.4
PITG_09109	HaRxL96	28.777	139	86	5	94	230	172	299	1.80e-07	44.3
PITG_01114	SSPbP94	25.249	301	161	13	6	292	50	300	3.37e-10	53.1
PITG_15191	HaRxLL441	66.667	297	74	1	34	305	7	303	4.32e-144	402
PITG_21645	AVR2_1	34.579	107	66	2	1	103	1	107	2.71e-08	42.0
PITG_12504	SSPbP94	26.357	258	161	12	26	274	57	294	8.68e-11	54.7
PITG_17310	AVR3a	50.000	72	33	2	1	71	1	70	1.60e-11	51.2
PITG_12561	O42718|PHI762|Inf2a	98.404	188	0	1	1	188	1	185	1.63e-124	342
PITG_12561	O42719|PHI764|Inf2b	89.655	174	18	0	1	174	1	174	3.87e-74	215
PITG_12561	Q01905|PHI111PHI760|Inf1	50.427	117	58	0	1	117	1	117	1.76e-34	112
PITG_02700	Q945T9|PHI653|Gip2	34.831	178	108	5	42	218	42	212	6.35e-24	90.1
PITG_02700	GIP1	30.698	215	136	6	8	218	6	211	3.69e-23	87.4
PITG_21410	Q01905|PHI111PHI760|Inf1	60.169	118	47	0	1	118	1	118	3.84e-44	134
PITG_21410	O42719|PHI764|Inf2b	45.217	115	63	0	1	115	1	115	3.50e-29	98.2
PITG_21410	O42718|PHI762|Inf2a	48.387	93	48	0	23	115	23	115	1.09e-28	96.7
PITG_07954	AVR1	25.510	196	121	6	6	189	7	189	2.01e-12	58.2
PITG_04081	Avrblb2	52.055	73	28	2	1	66	1	73	7.34e-17	63.5
PITG_13930	AVR2_1	33.945	109	64	5	1	103	1	107	2.60e-08	42.4
PITG_23087	crn1	84.028	432	67	2	1	431	1	431	0.0	726
PITG_23087	crn2	28.454	485	261	22	1	429	1	455	3.50e-31	117
PITG_19307	PsPSR2	29.659	381	234	9	8	372	3	365	3.37e-45	159
PITG_19307	HaRxL24	24.055	291	213	4	105	389	74	362	1.72e-20	85.5
PITG_19307	PsAvh163	25.155	322	228	7	91	399	170	491	4.61e-16	72.8
PITG_19307	BSW11	25.238	210	143	6	62	259	49	256	3.29e-11	57.8
PITG_19307	BLR36	23.438	256	162	8	25	267	22	256	1.62e-09	52.4
PITG_12722	PsAvh23	35.165	91	48	3	1	80	1	91	4.35e-07	39.3
PITG_07486	crn1	28.161	174	91	5	1	162	1	152	1.36e-11	54.7
PITG_08578	SSPbP94	27.273	242	156	6	87	310	54	293	6.27e-18	76.6
PITG_20857	Avrblb2	49.333	75	32	2	1	71	1	73	6.47e-14	57.0
PITG_03640	O42830|PHI660|Cbel(gp34)	50.758	132	60	2	2	132	4	131	3.04e-40	130
PITG_12642	crn1	93.519	432	27	1	1	432	1	431	0.0	826
PITG_12642	crn2	28.661	478	270	19	1	430	1	455	5.00e-33	123
PITG_14983	RxLR30	41.270	63	34	1	1	63	1	60	2.85e-07	40.8
PITG_05637	SSPbP94	28.854	253	151	7	18	250	51	294	1.47e-21	85.5
PITG_09387	P0DJ06|PHI72PHI6784PHI6790PHI6812|Sap2	30.645	248	138	9	43	269	31	265	8.22e-26	100
PITG_09387	P0CY26|PHI68|Sap1	27.019	359	190	15	55	364	37	372	1.87e-22	90.9
PITG_09387	P0CY29|PHI6785PHI6791PHI6813|Sap3	26.524	328	175	16	79	360	68	375	3.52e-19	81.3
PITG_09387	Q00663|PHI17|Acp	26.266	316	178	10	83	360	74	372	5.18e-19	80.9
PITG_21247	Q0ZJ79|PHI2343|Pcipg2	73.580	352	92	1	11	361	10	361	2.67e-176	488
PITG_21247	P41749|PHI88|Peca	34.048	373	224	10	1	361	1	363	1.49e-66	208
PITG_21247	O94100|PHI103PHI1027|Bcpga1Bcpg1	40.549	328	171	13	49	361	64	382	9.42e-64	201
PITG_21247	P78607|PHI247|Cppg1	38.206	301	174	6	30	323	30	325	5.50e-62	196
PITG_21247	P78608|PHI437|Cppg2	37.086	302	177	6	30	323	30	326	1.05e-58	188
PITG_23016	AVR3a	90.164	61	6	0	1	61	1	61	2.57e-29	95.5
PITG_14891	EPIC1	46.094	128	67	1	1	128	1	126	8.76e-42	129
PITG_04760	PsCRN108	31.780	708	378	30	94	733	146	816	6.15e-79	263
PITG_15726	Avr3b	34.868	152	94	4	96	246	78	225	5.99e-16	68.2
PITG_05118	AVR2_1	41.509	106	57	3	1	102	1	105	4.82e-12	51.6
PITG_08070	PsCRN108	57.143	119	47	2	1	118	2	117	7.51e-32	112
PITG_08070	crn1	54.098	122	55	1	3	123	4	125	1.76e-30	107
PITG_19617	AVR2_1	42.169	83	40	5	1	80	1	78	6.20e-10	46.6
PITG_19938	L7NCR0|PHI8061|Pc129892	44.715	246	119	7	1	243	1	232	1.18e-54	169
PITG_19938	NEP1	31.222	221	136	5	26	242	36	244	8.41e-34	116
PITG_19938	FocSix8	33.921	227	133	6	25	243	35	252	3.67e-31	109
PITG_19938	Q0E7H7|PHI2342|Benep2	33.636	220	132	5	25	242	35	242	2.37e-27	99.0
PITG_19938	MoSPD9	35.638	188	111	4	26	212	26	204	3.35e-26	95.9
PITG_04200	L7NCR0|PHI8061|Pc129892	42.449	245	127	5	1	244	1	232	2.13e-58	179
PITG_04200	NEP1	29.148	223	139	6	26	243	36	244	1.80e-31	110
PITG_04200	FocSix8	34.314	204	122	6	13	211	24	220	8.60e-30	105
PITG_04200	MoSPD9	29.767	215	136	7	4	213	1	205	1.12e-22	86.7
PITG_04200	Q0E7H7|PHI2342|Benep2	27.602	221	149	5	4	217	8	224	1.42e-22	86.7
PITG_22089	Avr1b-1	37.681	138	75	6	1	130	1	135	1.87e-17	67.4
PITG_22089	AVR3a	28.758	153	75	6	1	130	1	142	1.13e-10	49.7
PITG_18685	Avrblb2	52.055	73	28	2	1	66	1	73	3.21e-15	59.3
PITG_04276	PsPSR2	27.966	354	235	9	100	436	137	487	5.98e-33	125
PITG_04276	BSW11	24.363	353	241	10	94	433	132	471	1.44e-14	68.6
PITG_04276	PsAvh163	23.792	269	190	7	139	395	85	350	4.64e-10	54.3
PITG_04276	BLR36	24.113	282	183	8	161	425	111	378	6.62e-09	50.4
PITG_04276	HaRxL22	23.944	284	191	12	151	417	80	355	1.83e-08	48.9
PITG_11383	Avr3a/5	43.056	72	35	3	1	67	1	71	1.87e-09	45.4
PITG_16283	PsPSR2	34.135	208	124	7	1	200	1	203	1.41e-25	96.7
PITG_16283	HaRxL24	35.766	137	86	2	57	192	41	176	2.77e-16	69.3
PITG_16283	PsAvh163	28.319	113	79	2	77	188	171	282	8.40e-13	59.3
PITG_14879	PsPSR2	30.168	179	110	7	51	224	202	370	8.67e-16	69.7
PITG_06432	AVR1	81.176	170	32	0	1	170	1	170	8.46e-100	280
PITG_14787	Avr3a/5	36.111	72	40	3	1	67	1	71	4.92e-08	42.0
PITG_06174	Q945T9|PHI653|Gip2	42.562	242	129	5	29	269	26	258	1.21e-61	190
PITG_06174	GIP1	39.338	272	145	8	1	268	1	256	1.59e-57	178
PITG_22727	Avrblb2	66.176	68	23	0	1	68	1	68	7.90e-27	87.4
PITG_13655	Q945T9|PHI653|Gip2	50.833	240	108	4	16	254	25	255	1.58e-77	230
PITG_13655	GIP1	47.584	269	117	5	1	257	1	257	5.59e-76	225
PITG_17055	W2MG57|PHI7911|Ppxyn1	52.975	353	161	3	1	353	1	348	5.05e-136	387
PITG_17055	Q8NJ73|PHI2043|Xyl-6	32.704	318	189	7	32	341	77	377	2.48e-52	172
PITG_17055	O59937|PHI569|Xyl3	33.231	325	182	9	30	341	79	381	5.54e-47	158
PITG_17055	CfEcp5	23.841	302	201	8	69	360	62	344	3.19e-22	89.7
PITG_15128	PsAvh163	31.988	347	210	6	6	330	161	503	8.67e-44	150
PITG_15128	PsPSR2	24.781	343	234	8	2	326	156	492	6.34e-23	92.8
PITG_15128	HaRxL22	30.256	195	123	5	20	210	158	343	1.27e-16	72.8
PITG_15128	HaRxL96	25.243	206	142	5	7	206	180	379	1.21e-09	52.0
PITG_22881	EPIC1	89.796	98	10	0	1	98	1	98	2.41e-54	159
PITG_02624	P0DJ06|PHI72PHI6784PHI6790PHI6812|Sap2	21.448	373	209	12	96	440	69	385	4.00e-11	58.2
PITG_02624	Q00663|PHI17|Acp	23.096	407	211	20	61	440	51	382	3.59e-08	48.9
PITG_20025	AVR2_1	41.964	112	52	6	1	104	1	107	3.21e-09	44.7
PITG_15972	AVR2_1	42.169	83	40	5	1	80	1	78	5.79e-10	45.8
PITG_19571	crn1	84.404	436	53	5	1	426	1	431	0.0	721
PITG_19571	crn2	28.632	475	268	18	1	424	1	455	7.44e-37	133
PITG_05910	PiAvr4	29.952	207	122	9	2	191	1	201	2.62e-15	65.9
PITG_04868	SSPbP94	24.862	181	123	5	129	303	50	223	1.22e-11	57.4
PITG_16985	PsXEG1	41.818	220	93	3	35	219	21	240	2.86e-52	162
PITG_23024	PsPSR2	29.102	323	210	8	1	318	1	309	1.58e-38	137
PITG_23024	HaRxL24	29.562	274	177	6	48	316	25	287	6.22e-24	94.0
PITG_23024	PsAvh163	23.154	298	204	11	14	304	17	296	1.24e-15	70.5
PITG_23024	HaRxL96	22.591	301	208	12	7	292	9	299	8.12e-09	49.3
PITG_16663	AVR1	100.000	208	0	0	1	208	1	208	3.68e-157	427
PITG_23138	Avrblb2	58.696	46	15	1	1	42	1	46	9.78e-10	44.7
PITG_18571	crn2	78.337	457	72	3	3	433	1	456	0.0	691
PITG_18571	crn1	29.103	457	269	16	3	432	1	429	1.30e-38	138
PITG_04749	PsCRN108	31.436	808	423	30	1	713	1	772	2.45e-91	297
PITG_09773	Avr3a/5	39.024	82	47	3	1	80	1	81	2.38e-10	47.8
PITG_00219	P43070|PHI61|Bgl2	29.304	273	174	8	40	296	31	300	3.19e-26	100
PITG_21623	Q945T9|PHI653|Gip2	33.548	155	97	4	62	215	42	191	5.63e-17	71.2
PITG_21623	GIP1	31.429	140	92	2	62	199	42	179	1.79e-14	63.5
PITG_13488	P29138|PHI4615|Pr1	26.211	351	188	14	112	457	87	371	9.47e-11	56.6
PITG_22926	PiAvr4	30.198	202	119	8	6	191	6	201	1.05e-15	67.0
PITG_01250	Zt89160	28.736	174	110	7	41	201	217	389	1.66e-10	53.5
PITG_13125	BLR20	24.294	177	121	5	41	207	34	207	3.53e-09	48.9
PITG_00689	SSPbP94	24.268	239	167	5	99	328	67	300	1.49e-13	63.5
PITG_16614	crn1	79.138	441	67	4	1	426	1	431	0.0	695
PITG_16614	crn2	28.842	475	267	18	1	424	1	455	4.70e-37	134
PITG_04765	PsCRN108	32.040	696	392	29	94	733	146	816	1.67e-78	262
PITG_04466	OASTL	25.828	302	175	11	255	516	138	430	4.83e-09	51.2
PITG_04963	PsCRN108	31.467	661	381	25	93	706	146	781	7.26e-74	249
PITG_15753	PsPSR2	30.952	126	76	5	35	155	190	309	1.76e-07	43.1
PITG_17189	crn2	91.724	145	12	0	1	145	1	145	1.04e-94	276
PITG_18171	SSPbP94	24.609	256	175	9	36	286	51	293	2.20e-11	56.6
PITG_04097	Avrblb2	64.773	88	28	1	1	85	1	88	4.95e-27	89.7
PITG_19649	Q0ZJ79|PHI2343|Pcipg2	67.153	274	90	0	8	281	88	361	9.82e-130	366
PITG_19649	O94100|PHI103PHI1027|Bcpga1Bcpg1	39.373	287	153	10	8	281	104	382	1.37e-51	167
PITG_19649	P41749|PHI88|Peca	33.684	285	171	9	8	281	86	363	2.66e-48	158
PITG_19649	O00094|PHI114|Pg1	42.276	246	119	8	13	240	85	325	3.30e-47	155
PITG_19649	P78607|PHI247|Cppg1	39.749	239	132	7	8	239	89	322	3.45e-45	150
PITG_16825	Q0ZJ79|PHI2343|Pcipg2	76.324	321	59	2	18	321	41	361	2.17e-159	443
PITG_16825	P41749|PHI88|Peca	35.329	334	183	9	15	321	36	363	7.44e-60	189
PITG_16825	O94100|PHI103PHI1027|Bcpga1Bcpg1	40.184	326	159	10	25	321	64	382	1.57e-58	186
PITG_16825	Q9C4A0|PHI2817|Aapg1	35.522	335	184	9	15	321	48	378	1.28e-53	174
PITG_16825	P78607|PHI247|Cppg1	36.721	305	162	7	23	300	47	347	2.26e-53	172
PITG_12706	AVR2_1	37.037	81	47	3	1	81	1	77	5.64e-10	46.6
PITG_05771	PsPSR2	25.352	142	99	2	91	232	261	395	2.69e-10	53.5
PITG_05771	Avr1k	24.597	248	161	7	3	241	48	278	2.39e-09	50.1
PITG_05771	BLR20	21.053	190	133	4	100	273	93	281	1.65e-07	45.1
PITG_05771	HaRxL24	23.308	133	93	3	105	237	74	197	7.58e-07	42.7
PITG_16873	O42718|PHI762|Inf2a	36.000	75	46	2	25	98	33	106	1.81e-07	42.0
PITG_12074	PsCRN108	30.913	854	446	34	1	748	1	816	6.37e-91	296
PITG_23062	L7NCR0|PHI8061|Pc129892	34.815	270	132	7	7	275	6	232	5.23e-42	138
PITG_23062	NEP1	25.194	258	141	7	22	274	34	244	4.92e-21	83.2
PITG_23062	Q0E7H7|PHI2342|Benep2	27.734	256	135	7	22	274	34	242	7.04e-18	74.3
PITG_23062	MoSPD9	25.540	278	146	8	5	275	6	229	8.58e-17	70.9
PITG_19655	PsPSR2	29.553	291	183	5	73	355	234	510	3.18e-34	126
PITG_19655	HaRxL24	24.696	247	169	5	72	318	124	353	1.90e-20	84.7
PITG_19655	PsAvh163	21.402	271	181	8	43	305	207	453	1.71e-07	45.4
PITG_04388	PsPSR2	31.562	320	190	9	1	303	1	308	2.31e-34	125
PITG_04388	HaRxL24	30.808	198	121	4	94	285	77	264	1.28e-18	78.6
PITG_04388	HaRxL96	25.444	169	105	6	40	188	44	211	6.28e-09	49.3
PITG_18820	crn1	86.239	436	47	4	1	428	1	431	0.0	747
PITG_18820	crn2	29.474	475	266	17	1	426	1	455	3.90e-42	148
PITG_07506	crn1	33.846	130	69	5	1	120	1	123	5.26e-09	48.1
PITG_08943	AVR2_1	100.000	116	0	0	1	116	1	116	3.46e-84	234
PITG_09915	Avr1b-1	35.484	62	38	1	1	62	1	60	5.35e-07	39.7
PITG_10348	PsAvh163	38.333	120	65	3	43	156	48	164	6.11e-18	74.7
PITG_10348	PsPSR2	29.592	98	66	1	68	165	166	260	7.41e-09	48.1
PITG_10348	HaRxL22	29.412	119	72	4	48	160	36	148	8.13e-08	44.7
PITG_23147	Q6PQG3|PHI4252|Epi10	46.774	62	33	0	24	85	148	209	9.34e-16	62.8
PITG_23147	EPI1	36.620	71	40	2	19	84	69	139	3.31e-08	41.6
PITG_22648	Avrblb2	54.237	59	20	2	1	52	1	59	1.06e-12	51.6
PITG_22920	Q6PQG3|PHI4252|Epi10	45.833	48	26	0	23	70	161	208	4.21e-11	49.7
PITG_10524	P0CY29|PHI6785PHI6791PHI6813|Sap3	25.562	356	208	18	82	412	61	384	6.61e-13	63.9
PITG_10524	P0CY26|PHI68|Sap1	24.789	355	211	18	82	412	55	377	5.05e-09	51.6
PITG_21288	HaRxL24	28.800	125	78	2	110	223	77	201	4.61e-08	45.8
PITG_16193	PsPSR2	36.364	77	46	2	63	137	153	228	1.47e-08	45.4
PITG_19320	crn1	93.431	274	18	0	1	274	1	274	0.0	516
PITG_19320	crn2	28.571	301	169	10	1	269	1	287	9.37e-19	79.0
PITG_16598	crn1	85.880	432	59	2	1	431	1	431	0.0	741
PITG_16598	crn2	28.866	485	259	22	1	429	1	455	3.28e-32	120
PITG_07507	crn1	33.846	130	69	5	1	120	1	123	5.37e-10	50.1
PITG_08445	OASTL	31.690	426	245	12	15	401	9	427	2.63e-54	179
PITG_06326	Q945T9|PHI653|Gip2	42.045	88	48	1	11	95	165	252	4.58e-21	78.6
PITG_06326	GIP1	42.254	71	38	1	30	97	183	253	8.69e-13	55.8
PITG_00265	SSPbP94	34.221	263	151	8	14	266	51	301	4.66e-43	143
PITG_07095	Q6PQG3|PHI4252|Epi10	39.216	51	30	1	47	97	10	59	5.55e-07	39.7
PITG_20922	PsPSR2	29.011	455	288	16	10	443	196	636	1.20e-38	142
PITG_20922	BSW11	26.050	357	220	13	10	356	197	519	8.16e-14	66.2
PITG_20922	BLR36	23.592	284	194	9	13	286	111	381	3.26e-10	54.7
PITG_20922	PsAvh163	23.345	287	202	9	9	286	103	380	4.49e-09	51.2
PITG_15902	X0K3U9	37.931	87	52	1	70	156	94	178	1.29e-13	60.5
PITG_15902	N4TQ97	36.782	87	53	1	70	156	95	179	1.01e-12	57.8
PITG_13940	AVR2_1	36.036	111	59	4	1	103	1	107	9.19e-09	43.5
PITG_04778	PsCRN108	36.538	208	109	8	94	283	146	348	2.48e-31	116
PITG_05133	PsPSR2	27.014	211	147	4	32	240	36	241	2.16e-19	80.5
PITG_05133	HaRxL24	30.814	172	109	6	43	212	29	192	5.55e-17	72.8
PITG_04350	PsPSR2	26.250	160	116	1	68	225	167	326	2.23e-24	96.7
PITG_04350	PsAvh163	27.451	255	165	10	55	294	241	490	2.78e-20	84.3
PITG_04350	HaRxL24	25.822	213	151	4	76	284	65	274	1.53e-17	75.5
PITG_04350	HaRxL22	24.155	207	151	3	84	286	74	278	6.26e-10	52.4
PITG_04350	HaRxL96	24.413	213	144	9	53	257	172	375	1.80e-07	45.1
PITG_22740	PsPSR2	30.545	514	322	16	43	529	120	625	2.16e-57	197
PITG_22740	BLR13	23.158	380	253	12	83	432	85	455	7.48e-15	70.1
PITG_22740	PsAvh163	26.512	430	275	16	32	442	35	442	1.58e-13	65.9
PITG_22740	HaRxL22	25.348	359	224	12	32	374	20	350	5.71e-11	57.4
PITG_14685	PsAvh163	33.742	489	270	19	13	463	17	489	2.44e-63	207
PITG_14685	HaRxL22	29.545	352	215	12	22	356	9	344	1.22e-23	95.1
PITG_14685	PsPSR2	26.551	403	258	13	2	378	1	391	1.93e-22	93.6
PITG_14685	HaRxL96	28.571	280	167	9	22	275	27	299	2.13e-19	83.2
PITG_13636	Q945T9|PHI653|Gip2	48.069	233	115	4	25	252	26	257	4.06e-77	229
PITG_13636	GIP1	44.615	260	132	7	1	252	1	256	5.36e-71	212
PITG_21740	PsAvh163	36.034	469	266	13	47	501	43	491	9.01e-75	243
PITG_21740	PsPSR2	25.429	700	477	20	10	696	1	668	2.65e-55	194
PITG_11973	PsPSR2	25.000	92	69	0	58	149	143	234	7.30e-08	43.9
PITG_21949	AVR2_1	36.449	107	64	2	1	103	1	107	4.69e-09	44.3
PITG_02505	O42718|PHI762|Inf2a	34.066	91	56	2	23	109	25	115	5.43e-11	52.8
PITG_02505	O42719|PHI764|Inf2b	34.066	91	56	2	23	109	25	115	1.51e-10	51.6
PITG_19637	Q0ZJ79|PHI2343|Pcipg2	70.612	245	52	1	27	251	115	359	4.53e-110	315
PITG_19637	P78607|PHI247|Cppg1	33.740	246	133	5	26	244	117	359	4.51e-37	127
PITG_19637	P78608|PHI437|Cppg2	32.800	250	137	5	23	244	114	360	9.12e-37	127
PITG_19637	O94100|PHI103PHI1027|Bcpga1Bcpg1	38.075	239	111	8	23	231	129	360	1.96e-36	126
PITG_19637	P41749|PHI88|Peca	34.071	226	121	5	39	241	130	350	4.02e-36	125
PITG_19373	crn2	82.151	465	71	6	1	462	1	456	0.0	731
PITG_19373	crn1	28.958	480	271	18	1	461	1	429	8.27e-34	125
PITG_16622	crn1	83.486	436	57	5	1	426	1	431	0.0	716
PITG_16622	crn2	28.481	474	270	17	1	424	1	455	2.64e-38	137
PITG_00058	EPIC1	47.475	99	51	1	27	125	25	122	2.75e-25	88.2
PITG_13292	Q6PQG3|PHI4252|Epi10	32.308	65	35	1	1	65	1	56	3.96e-07	38.9
PITG_04273	W2MG57|PHI7911|Ppxyn1	82.096	229	24	2	1	212	158	386	3.32e-132	370
PITG_04273	Q8NJ73|PHI2043|Xyl-6	31.522	184	104	6	3	179	209	377	2.04e-21	84.3
PITG_04273	O59937|PHI569|Xyl3	31.183	186	106	6	1	179	211	381	1.58e-17	73.2
PITG_04273	CfEcp5	24.848	165	103	7	7	166	170	318	3.54e-10	51.6
PITG_05114	P0CY26|PHI68|Sap1	24.789	355	206	13	89	421	62	377	6.95e-15	69.7
PITG_05114	P0CY29|PHI6785PHI6791PHI6813|Sap3	25.843	356	200	17	89	421	70	384	7.11e-14	66.6
PITG_05114	P0DJ06|PHI72PHI6784PHI6790PHI6812|Sap2	24.011	379	224	16	63	421	50	384	2.98e-12	61.2
PITG_07029	M2TW52|PHI4988|Ppt1	31.071	280	172	7	1	266	37	309	1.23e-34	121
PITG_16844	PsPSR2	36.792	212	131	2	62	271	160	370	1.21e-40	143
PITG_16844	HaRxL24	29.487	234	156	5	37	267	25	252	9.20e-24	93.2
PITG_16844	PsAvh163	31.053	190	123	6	77	260	265	452	1.76e-16	72.8
PITG_16844	HaRxL96	26.609	233	144	10	10	224	25	248	2.48e-14	65.9
PITG_11527	HaRxL36	81.600	125	23	0	144	268	1	125	3.82e-76	221
PITG_10255	Q0ZJ79|PHI2343|Pcipg2	66.844	377	107	2	1	377	1	359	6.93e-162	452
PITG_10255	O94100|PHI103PHI1027|Bcpga1Bcpg1	44.713	331	150	11	66	377	64	380	1.61e-67	212
PITG_10255	P78607|PHI247|Cppg1	39.130	299	170	6	47	338	30	323	1.73e-61	196
PITG_10255	P41749|PHI88|Peca	35.925	373	202	11	1	363	1	346	5.79e-61	194
PITG_10255	P78608|PHI437|Cppg2	38.667	300	171	6	47	338	30	324	3.57e-60	192
PITG_23236	Q01905|PHI111PHI760|Inf1	30.952	84	56	1	36	117	35	118	3.29e-10	47.4
PITG_23236	O42719|PHI764|Inf2b	31.959	97	59	3	20	114	24	115	1.03e-07	41.6
PITG_23236	O42718|PHI762|Inf2a	31.959	97	59	3	20	114	24	115	1.93e-07	40.8
PITG_11350	Avr3a/5	43.056	72	35	3	1	67	1	71	3.48e-09	44.7
PITG_12854	SSPbP94	25.087	287	188	8	29	304	30	300	3.34e-21	85.5
PITG_11899	Q6PQG3|PHI4252|Epi10	50.000	38	19	0	18	55	166	203	1.39e-09	45.4
PITG_12009	PsCRN108	41.667	120	63	2	1	114	1	119	2.42e-21	82.8
PITG_12009	crn2	33.540	161	64	6	1	125	1	154	3.69e-12	56.2
PITG_11384	Avr3a/5	44.444	72	34	3	1	67	1	71	5.98e-10	46.6
PITG_23088	crn1	83.945	436	55	5	1	426	1	431	0.0	718
PITG_23088	crn2	28.211	475	270	18	1	424	1	455	6.63e-38	136
PITG_04353	PsPSR2	26.875	160	115	1	66	223	167	326	4.00e-25	98.6
PITG_04353	PsAvh163	29.297	256	159	10	53	292	241	490	7.20e-21	85.9
PITG_04353	HaRxL24	27.225	191	134	3	74	262	65	252	3.38e-18	77.4
PITG_04353	HaRxL22	24.155	207	151	3	82	284	74	278	9.98e-11	55.1
PITG_04353	HaRxL96	24.365	197	133	7	67	255	187	375	1.65e-08	48.1
PITG_18453	L7NCR0|PHI8061|Pc129892	43.200	250	124	5	1	250	1	232	5.68e-61	186
PITG_18453	NEP1	33.333	228	136	6	22	249	33	244	4.24e-37	125
PITG_18453	FocSix8	33.043	230	143	6	22	250	33	252	9.49e-31	108
PITG_18453	MoSPD9	32.850	207	120	5	45	250	41	229	2.28e-30	107
PITG_18453	Q0E7H7|PHI2342|Benep2	32.850	207	118	7	22	223	33	223	7.05e-27	98.2
PITG_15549	SSPbP94	27.273	264	168	10	36	285	40	293	1.90e-17	74.7
PITG_03974	Q5TIP4|PHI2347|Pgip2	29.237	236	153	13	66	292	75	305	6.71e-10	52.4
PITG_07493	crn1	26.515	132	76	4	1	120	1	123	4.98e-07	41.6
PITG_21984	PsPSR2	26.250	160	116	1	68	225	167	326	2.23e-24	96.7
PITG_21984	PsAvh163	27.451	255	165	10	55	294	241	490	2.78e-20	84.3
PITG_21984	HaRxL24	25.822	213	151	4	76	284	65	274	1.53e-17	75.5
PITG_21984	HaRxL22	24.155	207	151	3	84	286	74	278	6.26e-10	52.4
PITG_21984	HaRxL96	24.413	213	144	9	53	257	172	375	1.80e-07	45.1
PITG_09175	EPIC1	91.129	124	10	1	1	123	1	124	2.24e-73	208
PITG_07533	AVR1	27.083	144	85	5	77	216	74	201	2.40e-09	49.3
PITG_07488	PsCRN108	52.857	70	30	2	1	69	1	68	7.18e-17	67.8
PITG_07488	crn2	50.000	56	26	2	1	55	1	55	1.89e-11	52.4
PITG_07488	crn1	46.429	56	28	2	1	55	1	55	3.30e-08	43.1
PITG_12832	Q00298|PHI69|Cuta	31.461	178	97	6	25	194	28	188	1.36e-15	65.9
PITG_12832	Q99174|PHI2849|Cuta	25.871	201	125	6	25	217	44	228	2.97e-12	57.0
PITG_17218	PsPSR2	33.333	258	163	4	57	305	142	399	1.33e-42	149
PITG_17218	HaRxL24	28.464	267	170	7	40	297	26	280	2.70e-21	86.3
PITG_17218	PsAvh163	31.868	182	122	2	86	265	176	357	5.05e-21	86.3
PITG_18675	Avrblb2	58.904	73	27	1	1	70	1	73	5.70e-25	84.3
PITG_13484	PsCRN108	50.783	575	248	8	78	621	140	710	0.0	548
PITG_06910	SSPbP94	29.344	259	153	9	23	275	67	301	4.54e-20	82.0
PITG_04761	PsCRN108	32.103	623	356	23	93	670	146	746	6.98e-73	245
PITG_05045	crn2	93.103	145	10	0	1	145	1	145	1.30e-95	279
PITG_05045	RiNLE1	35.955	89	51	4	2	86	3	89	6.94e-09	47.8
PITG_05045	RiCRN1	35.955	89	51	4	2	86	3	89	6.94e-09	47.8
PITG_16824	Q0ZJ79|PHI2343|Pcipg2	76.796	362	81	2	1	360	1	361	0.0	518
PITG_16824	P41749|PHI88|Peca	35.580	371	220	10	1	360	1	363	2.61e-71	220
PITG_16824	O94100|PHI103PHI1027|Bcpga1Bcpg1	41.896	327	169	11	47	360	64	382	3.03e-65	205
PITG_16824	P78607|PHI247|Cppg1	38.941	321	180	7	30	339	32	347	3.33e-65	205
PITG_16824	Q9C4A0|PHI2817|Aapg1	36.963	349	200	10	27	360	35	378	4.06e-62	197
PITG_12361	Q00298|PHI69|Cuta	31.792	173	99	6	27	194	31	189	5.43e-15	64.3
PITG_12361	Q99174|PHI2849|Cuta	27.411	197	121	6	25	210	45	230	6.32e-13	58.9
PITG_23063	PsCRN108	62.308	130	45	2	1	129	1	127	1.31e-43	148
PITG_23063	crn1	57.851	121	49	2	1	120	1	120	8.90e-33	115
PITG_19340	crn1	96.288	431	16	0	1	431	1	431	0.0	854
PITG_19340	crn2	29.228	479	265	19	1	429	1	455	1.41e-36	132
PITG_18547	crn2	79.355	155	32	0	3	157	1	155	3.63e-84	250
PITG_14371	AVR3a	100.000	147	0	0	1	147	1	147	6.13e-111	305
PITG_14371	Avr1b-1	31.126	151	79	5	1	142	1	135	1.73e-08	43.9
PITG_07545	SSPbP94	27.160	162	100	3	83	240	49	196	1.10e-12	59.7
PITG_21110	SSPbP94	27.530	247	148	9	45	278	39	267	3.77e-14	65.5
PITG_06246	PsAvh163	32.577	485	295	15	49	525	43	503	1.88e-67	219
PITG_06246	PsPSR2	26.230	427	282	12	95	509	172	577	8.93e-32	122
PITG_06246	HaRxL96	27.949	390	250	12	28	399	23	399	8.13e-26	102
PITG_06246	HaRxL22	27.113	284	192	7	111	389	79	352	3.12e-23	94.4
PITG_01919	SSPbP94	29.242	277	164	8	46	314	49	301	2.93e-25	97.1
PITG_23036	PsPSR2	37.864	412	243	6	80	480	170	579	4.25e-87	274
PITG_23036	PsAvh163	27.778	342	239	6	108	444	111	449	4.79e-33	124
PITG_23036	HaRxL24	29.054	296	200	5	176	467	70	359	4.87e-33	122
PITG_23036	HaRxL96	23.552	259	181	9	106	354	122	373	2.65e-10	55.1
PITG_23036	HaRxL22	24.074	324	229	7	149	465	44	357	9.34e-10	53.1
PITG_09585	HaRxLL470b	76.506	166	38	1	23	187	1	166	5.17e-92	266
PITG_10465	PsAvh163	33.761	234	132	8	33	255	33	254	1.07e-24	95.5
PITG_10465	HaRxL96	29.279	222	134	6	45	246	44	262	2.04e-18	77.0
PITG_10465	HaRxL22	26.818	220	150	5	27	242	9	221	3.51e-14	64.3
PITG_10465	PsPSR2	26.257	179	115	5	63	239	152	315	1.22e-09	51.2
PITG_04057	M2TW52|PHI4988|Ppt1	22.951	305	176	12	10	304	29	284	1.67e-08	48.1
PITG_18986	PsAvh23	38.298	94	47	5	1	85	1	92	7.75e-11	49.3
PITG_04975	P0CY26|PHI68|Sap1	26.481	287	146	12	29	297	53	292	9.21e-15	69.3
PITG_04975	P0DJ06|PHI72PHI6784PHI6790PHI6812|Sap2	22.902	441	218	15	22	438	54	396	1.07e-14	68.9
PITG_20303	Avrblb2	95.000	100	5	0	1	100	1	100	2.91e-51	150
PITG_20172	crn1	85.185	432	62	2	1	431	1	431	0.0	737
PITG_20172	crn2	27.975	479	271	19	1	429	1	455	4.21e-31	117
PITG_19588	crn1	82.234	394	57	4	1	386	1	389	0.0	635
PITG_19588	crn2	29.948	384	221	11	1	347	1	373	1.20e-37	134
PITG_16822	Q0ZJ79|PHI2343|Pcipg2	71.823	362	73	3	1	334	1	361	3.18e-174	481
PITG_16822	P41749|PHI88|Peca	33.423	371	202	11	1	334	1	363	1.78e-61	194
PITG_16822	P78607|PHI247|Cppg1	38.514	296	144	7	30	292	32	322	2.04e-55	178
PITG_16822	O94100|PHI103PHI1027|Bcpga1Bcpg1	38.838	327	153	11	47	334	64	382	2.14e-53	174
PITG_16822	P78608|PHI437|Cppg2	36.027	297	151	7	30	292	32	323	1.24e-52	171
PITG_06175	GIP1	35.472	265	149	8	1	252	1	256	5.89e-42	138
PITG_06175	Q945T9|PHI653|Gip2	36.771	223	126	6	42	252	38	257	4.07e-38	129
PITG_04805	PsCRN108	31.203	798	435	38	12	733	57	816	5.79e-78	261
PITG_06290	Avr1d	28.814	118	77	5	4	120	7	118	3.90e-10	48.5
PITG_05911	Avr1b-1	39.855	138	72	5	1	130	1	135	2.72e-17	67.0
PITG_05911	AVR3a	30.263	152	74	5	1	130	1	142	1.05e-10	49.7
PITG_17899	Q0ZJ79|PHI2343|Pcipg2	63.033	211	77	1	11	220	151	361	5.27e-78	232
PITG_17899	P78607|PHI247|Cppg1	42.442	172	92	4	10	179	156	322	9.47e-35	120
PITG_17899	O94100|PHI103PHI1027|Bcpga1Bcpg1	40.278	216	117	7	11	220	173	382	8.44e-34	118
PITG_17899	P41749|PHI88|Peca	34.259	216	130	7	11	220	154	363	8.88e-33	115
PITG_17899	P78608|PHI437|Cppg2	39.535	172	97	4	10	179	157	323	6.50e-31	110
PITG_22935	Avr3a/5	43.056	72	35	2	1	67	1	71	1.21e-10	48.5
PITG_15649	SSPbP94	29.885	261	173	4	5	260	46	301	7.11e-27	100
PITG_22202	PsXEG1	81.731	104	16	1	1	101	138	241	3.39e-53	160
PITG_04764	PsCRN108	32.086	695	394	26	93	733	146	816	2.41e-81	270
PITG_06478	BLR20	22.603	438	297	12	52	464	34	454	2.21e-18	80.5
PITG_06478	BLN08_2	22.481	387	262	14	110	480	78	442	1.85e-16	74.3
PITG_06478	PsPSR2	20.800	375	253	11	60	425	33	372	2.06e-16	74.7
PITG_06478	HaRxL24	22.761	268	179	8	109	373	65	307	1.47e-10	55.5
PITG_12556	Q01905|PHI111PHI760|Inf1	46.610	118	63	0	1	118	1	118	1.13e-31	104
PITG_12556	O42718|PHI762|Inf2a	46.087	115	62	0	1	115	1	115	2.81e-25	90.5
PITG_12556	O42719|PHI764|Inf2b	44.348	115	64	0	1	115	1	115	6.99e-25	89.4
PITG_20433	crn1	31.818	132	69	4	1	120	1	123	7.97e-11	53.1
PITG_06071	AVR2_1	39.024	82	47	2	1	82	1	79	2.01e-10	47.8
PITG_06071	PsAvh23	41.111	90	36	6	1	79	1	84	2.13e-07	40.0
PITG_22708	Q01905|PHI111PHI760|Inf1	30.952	84	56	1	36	117	35	118	5.94e-10	46.6
PITG_22708	O42719|PHI764|Inf2b	31.959	97	59	3	20	114	24	115	3.07e-07	40.4
PITG_22708	O42718|PHI762|Inf2a	31.915	94	57	3	23	114	27	115	4.69e-07	39.7
PITG_21245	Q0ZJ79|PHI2343|Pcipg2	71.698	371	81	2	1	371	1	347	2.07e-172	479
PITG_21245	P78607|PHI247|Cppg1	39.355	310	172	7	70	368	47	351	1.50e-65	206
PITG_21245	O94100|PHI103PHI1027|Bcpga1Bcpg1	42.810	306	152	10	72	363	64	360	6.69e-65	205
PITG_21245	P41749|PHI88|Peca	35.866	329	194	9	57	375	31	352	4.57e-63	199
PITG_21245	P78608|PHI437|Cppg2	36.977	311	179	7	70	368	47	352	3.70e-62	197
PITG_04279	BLN08	28.155	103	65	3	1	95	1	102	3.68e-08	41.6
PITG_06308	Avr3b	33.028	218	131	7	33	250	24	226	3.96e-17	71.6
PITG_09212	PsPSR2	27.311	238	118	5	1	185	97	332	6.20e-24	91.7
PITG_09212	HaRxL24	29.231	195	87	6	1	193	78	223	9.63e-15	64.7
PITG_09212	PsAvh163	22.967	209	105	7	1	160	188	389	2.83e-09	48.9
PITG_15278	PsPSR2	32.080	399	234	6	124	518	82	447	8.78e-62	208
PITG_15278	HaRxL24	26.613	372	239	9	81	436	9	362	1.07e-27	107
PITG_15278	PsAvh163	28.517	263	178	7	160	416	109	367	6.66e-27	107
PITG_15278	HaRxL96	22.222	252	172	8	166	405	133	372	1.36e-07	46.6
PITG_16995	PsXEG1	50.543	184	88	3	141	322	20	202	2.96e-62	192
PITG_09632	Avrblb2	52.809	89	40	2	1	88	1	88	5.87e-18	66.6
PITG_05437	Q6PQG3|PHI4252|Epi10	33.529	170	71	4	1	170	1	128	1.55e-17	73.6
PITG_22536	crn2	93.793	145	9	0	1	145	1	145	5.97e-97	282
PITG_22536	RiNLE1	35.955	89	51	4	2	86	3	89	3.73e-09	48.5
PITG_22536	RiCRN1	35.955	89	51	4	2	86	3	89	3.73e-09	48.5
PITG_05920	Q945T9|PHI653|Gip2	46.809	235	119	4	59	287	28	262	6.41e-70	212
PITG_05920	GIP1	46.957	230	111	4	59	280	28	254	5.74e-67	203
PITG_18497	crn2	78.384	458	71	4	3	434	1	456	0.0	689
PITG_18497	crn1	27.948	458	274	17	3	433	1	429	1.03e-30	116
PITG_19309	PsPSR2	32.296	257	160	3	47	289	49	305	6.09e-40	140
PITG_19309	HaRxL24	31.429	210	131	6	87	288	80	284	5.35e-23	90.9
PITG_19309	PsAvh163	25.123	203	134	7	91	281	99	295	1.11e-15	70.1
PITG_11344	Avr3a/5	35.833	120	62	5	1	116	1	109	4.67e-14	57.0
PITG_14062	PsAvh163	30.000	290	179	11	13	292	33	308	1.81e-30	113
PITG_14062	PsPSR2	29.832	238	158	4	28	260	135	368	3.87e-27	104
PITG_14062	HaRxL96	32.065	184	117	4	71	251	108	286	9.08e-18	76.3
PITG_14062	HaRxL22	27.604	192	125	5	76	262	78	260	5.72e-15	67.8
PITG_14062	HaRxL24	25.243	206	128	6	64	259	64	253	1.81e-10	53.9
PITG_05004	P0DJ06|PHI72PHI6784PHI6790PHI6812|Sap2	24.462	372	194	17	38	374	65	384	3.38e-10	54.3
PITG_05004	P0CY29|PHI6785PHI6791PHI6813|Sap3	21.138	369	208	14	38	374	67	384	7.37e-07	43.9
PITG_14924	EPIC1	28.571	77	51	2	53	126	51	126	5.57e-12	52.4
PITG_15337	Avr3a/5	36.441	118	59	5	1	114	1	106	7.04e-12	52.8
PITG_03186	N4TQ97	35.843	332	187	6	22	332	30	356	4.08e-61	193
PITG_03186	X0K3U9	35.542	332	188	6	22	332	29	355	7.56e-60	190
PITG_22053	L7NCR0|PHI8061|Pc129892	43.496	246	122	7	1	243	1	232	4.66e-53	165
PITG_22053	NEP1	32.000	225	133	6	24	242	34	244	6.71e-33	114
PITG_22053	FocSix8	32.301	226	140	7	24	243	34	252	8.57e-28	100
PITG_22053	MoSPD9	29.918	244	155	5	1	243	1	229	2.72e-26	95.9
PITG_22053	Q0E7H7|PHI2342|Benep2	30.992	242	151	6	5	242	13	242	4.01e-24	90.5
PITG_05440	Q6PQG3|PHI4252|Epi10	33.149	181	58	5	1	171	1	128	1.92e-17	73.6
PITG_16615	crn1	86.468	436	46	4	1	428	1	431	0.0	750
PITG_16615	crn2	29.895	475	264	17	1	426	1	455	1.20e-42	149
PITG_16581	crn1	86.468	436	46	4	1	428	1	431	0.0	749
PITG_16581	crn2	29.684	475	265	17	1	426	1	455	5.72e-43	150
PITG_22846	Q01905|PHI111PHI760|Inf1	26.829	82	56	2	36	113	35	116	7.87e-08	41.2
PITG_05049	crn2	96.280	457	16	1	1	457	1	456	0.0	895
PITG_05049	crn1	28.125	480	270	21	1	456	1	429	2.84e-32	120
PITG_07468	crn1	31.061	132	70	4	1	120	1	123	3.34e-10	50.8
PITG_10244	BLN08	33.071	127	77	4	1	120	1	126	1.88e-10	48.9
PITG_15039	PsPSR2	35.181	415	261	5	87	499	168	576	1.43e-75	244
PITG_15039	HaRxL24	31.475	305	194	8	52	351	27	321	1.66e-29	112
PITG_15039	PsAvh163	27.273	374	248	10	111	470	97	460	5.69e-29	112
PITG_15039	HaRxL22	22.615	283	208	6	103	381	75	350	2.47e-12	61.2
PITG_23165	crn1	86.239	436	47	4	1	428	1	431	0.0	746
PITG_23165	crn2	29.684	475	265	17	1	426	1	455	6.53e-43	150
PITG_15341	Avr3a/5	35.000	120	63	5	1	116	1	109	3.32e-13	55.1
PITG_08964	SSPbP94	20.301	266	180	9	30	276	49	301	3.67e-07	43.5
PITG_07094	EPI1	33.696	92	43	3	1	92	1	74	9.70e-10	47.0
PITG_22681	EPI1	100.000	149	0	0	1	149	1	149	1.13e-111	307
PITG_22681	Q6PQG3|PHI4252|Epi10	41.441	111	47	3	35	132	96	201	2.06e-20	77.4
PITG_15425	PsPSR2	28.440	109	73	3	20	124	197	304	1.90e-10	50.4
PITG_15425	PsAvh163	28.155	103	64	2	17	109	370	472	1.75e-07	42.0
PITG_18670	Avrblb2	53.425	73	27	2	1	66	1	73	1.18e-16	63.2
PITG_22870	AVR2_1	100.000	116	0	0	1	116	1	116	3.46e-84	234
PITG_03256	N4TQ97	33.742	326	182	5	25	318	33	356	3.83e-55	177
PITG_03256	X0K3U9	33.129	326	184	5	25	318	32	355	3.45e-53	172
PITG_21058	crn1	100.000	127	0	0	1	127	305	431	3.82e-95	274
PITG_21058	crn2	32.000	125	72	5	10	124	333	454	5.67e-11	51.6
PITG_08522	L7NCR0|PHI8061|Pc129892	49.302	215	106	2	125	338	20	232	3.19e-67	206
PITG_08522	NEP1	40.187	214	119	4	128	337	36	244	3.37e-47	155
PITG_08522	Q0E7H7|PHI2342|Benep2	37.327	217	127	4	124	337	32	242	2.41e-43	144
PITG_08522	FocSix8	37.811	201	109	5	149	338	57	252	4.78e-35	123
PITG_08522	MoSPD9	35.047	214	126	6	128	338	26	229	5.57e-34	119
PITG_05096	PsPSR2	28.481	316	206	9	63	368	52	357	3.96e-35	129
PITG_05096	HaRxL24	29.858	211	142	4	108	315	74	281	7.64e-18	77.0
PITG_05096	BSW11	26.056	284	181	7	1	277	8	269	4.85e-17	75.5
PITG_21107	Avr1d	46.875	128	63	2	1	127	1	124	2.75e-31	102
PITG_15454	AVR2_1	37.037	81	47	3	1	81	1	77	5.64e-10	46.6
PITG_19377	crn2	93.793	145	9	0	1	145	1	145	9.28e-97	282
PITG_19377	RiNLE1	35.955	89	51	4	2	86	3	89	6.38e-09	47.8
PITG_19377	RiCRN1	35.955	89	51	4	2	86	3	89	6.38e-09	47.8
PITG_10347	PsAvh163	37.101	407	243	8	18	418	21	420	1.42e-72	230
PITG_10347	HaRxL22	30.034	293	185	10	87	370	70	351	6.68e-28	107
PITG_10347	HaRxL96	28.831	385	229	11	1	358	9	375	6.77e-27	105
PITG_10347	PsPSR2	26.290	407	276	10	2	395	1	396	4.44e-26	104
PITG_10347	HaRxL24	24.522	314	213	10	33	336	16	315	1.14e-10	55.8
PITG_19936	L7NCR0|PHI8061|Pc129892	45.344	247	120	6	1	247	1	232	1.09e-60	185
PITG_19936	NEP1	32.759	232	143	6	15	246	26	244	1.99e-39	130
PITG_19936	MoSPD9	33.878	245	140	7	3	247	7	229	2.17e-34	117
PITG_19936	FocSix8	30.131	229	149	5	22	247	32	252	5.14e-30	106
PITG_19936	Q0E7H7|PHI2342|Benep2	32.444	225	136	6	23	246	33	242	3.33e-27	99.0
PITG_19619	Q0ZJ79|PHI2343|Pcipg2	55.801	362	90	5	1	293	1	361	2.39e-120	343
PITG_19619	P41749|PHI88|Peca	29.891	368	178	11	1	293	1	363	3.22e-41	140
PITG_19619	O94100|PHI103PHI1027|Bcpga1Bcpg1	34.985	323	128	14	49	293	64	382	2.10e-36	127
PITG_19619	Q9C4A0|PHI2817|Aapg1	31.195	343	155	11	31	293	37	378	2.19e-35	124
PITG_19619	P78607|PHI247|Cppg1	32.155	283	162	9	32	290	32	308	3.30e-35	124
PITG_17095	SSPbP94	23.985	271	164	10	14	271	53	294	2.67e-14	65.1
PITG_00023	SSPbP94	29.204	226	144	5	20	235	49	268	3.17e-15	68.6
PITG_18118	O42830|PHI660|Cbel(gp34)	28.358	201	83	5	30	169	67	267	2.49e-15	67.0
PITG_22916	L7NCR0|PHI8061|Pc129892	42.857	245	116	7	7	245	6	232	3.12e-55	171
PITG_22916	Q0E7H7|PHI2342|Benep2	33.197	244	130	7	11	244	22	242	2.77e-34	117
PITG_22916	NEP1	29.694	229	148	6	15	242	26	242	3.48e-32	112
PITG_22916	FocSix8	29.004	231	156	5	13	241	24	248	8.41e-29	103
PITG_22916	MoSPD9	30.374	214	134	6	3	216	7	205	2.30e-27	99.0
PITG_23008	AVR2_1	35.514	107	65	2	1	103	1	107	4.36e-09	44.3
PITG_17040	O42830|PHI660|Cbel(gp34)	40.698	258	124	5	95	323	10	267	5.99e-60	187
PITG_16575	crn1	84.127	441	47	3	1	428	1	431	0.0	748
PITG_16575	crn2	29.263	475	267	17	1	426	1	455	2.87e-41	145
PITG_22171	Q6PQG3|PHI4252|Epi10	31.707	123	56	3	3	125	106	200	3.45e-12	57.8
PITG_02707	GIP1	34.866	261	144	11	28	270	4	256	4.83e-37	127
PITG_02707	Q945T9|PHI653|Gip2	37.447	235	126	9	51	270	29	257	6.07e-37	128
PITG_08193	Q01905|PHI111PHI760|Inf1	35.484	62	38	1	13	72	34	95	1.21e-11	50.4
PITG_08193	O42718|PHI762|Inf2a	32.927	82	48	2	5	79	23	104	3.53e-08	42.4
PITG_08193	O42719|PHI764|Inf2b	30.952	84	51	2	5	81	23	106	7.51e-07	38.5
PITG_12057	PsPSR2	35.504	476	299	6	16	484	106	580	9.25e-96	303
PITG_12057	PsAvh163	26.823	384	260	10	93	460	88	466	4.09e-29	114
PITG_12422	Q00298|PHI69|Cuta	32.370	173	98	6	27	194	31	189	3.44e-15	64.7
PITG_12422	Q99174|PHI2849|Cuta	27.919	197	120	6	25	210	45	230	6.02e-13	58.9
PITG_17425	SSPbP94	22.340	282	182	8	38	315	54	302	1.53e-09	51.2
PITG_07586	HaRxL44	45.455	66	36	0	12	77	1	66	1.99e-11	51.2
PITG_07586	HaRxLL108	37.000	100	50	3	22	121	1	87	7.07e-09	43.9
PITG_05043	crn2	93.443	122	8	0	1	122	1	122	9.81e-79	233
PITG_05043	RiNLE1	45.902	61	29	3	2	60	3	61	5.72e-09	46.2
PITG_05043	RiCRN1	45.902	61	29	3	2	60	3	61	5.72e-09	46.2
PITG_10284	O42830|PHI660|Cbel(gp34)	43.750	272	122	7	2	253	4	264	4.65e-66	204
PITG_12761	PsPSR2	30.385	260	166	4	37	281	116	375	4.91e-33	120
PITG_12761	HaRxL24	29.218	243	161	7	41	280	26	260	2.38e-20	83.2
PITG_12761	PsAvh163	28.125	192	136	2	84	273	176	367	3.47e-17	74.3
PITG_12761	HaRxL96	27.273	253	155	10	30	262	40	283	1.36e-13	63.5
PITG_00957	L7NCR0|PHI8061|Pc129892	50.628	239	109	6	39	276	1	231	2.47e-68	206
PITG_00957	NEP1	35.521	259	136	7	34	276	1	244	4.02e-45	147
PITG_00957	Q0E7H7|PHI2342|Benep2	34.298	242	136	9	43	277	18	243	4.61e-33	115
PITG_00957	FocSix8	34.468	235	140	6	49	276	24	251	1.87e-32	114
PITG_00957	MoSPD9	30.738	244	152	9	34	276	1	228	1.29e-27	100
PITG_22942	Q6PQG3|PHI4252|Epi10	48.387	62	32	0	24	85	148	209	7.18e-17	65.9
PITG_22942	EPI1	36.620	71	40	2	19	84	69	139	4.07e-08	41.6
PITG_04769	PsCRN108	31.863	703	385	28	93	733	146	816	1.30e-80	268
PITG_05430	Q6PQG3|PHI4252|Epi10	29.210	291	124	9	1	290	1	210	1.09e-22	87.4
PITG_05430	EPI1	37.086	151	46	3	136	286	35	136	6.47e-22	83.6
PITG_14673	PsPSR2	28.731	268	174	7	1	264	1	255	1.01e-26	102
PITG_14673	HaRxL24	31.492	181	120	2	79	259	51	227	4.83e-20	82.0
PITG_14673	PsAvh163	22.099	181	135	3	88	265	261	438	2.72e-11	56.6
PITG_14673	BLR36	22.672	247	163	8	47	273	38	276	8.18e-08	45.8
PITG_04145	Avrblb2	48.333	60	22	1	1	60	1	51	2.02e-09	45.1
PITG_23077	Q94FS7|PHI665|Pcf	69.565	46	13	1	29	74	24	68	1.56e-18	66.6
PITG_19623	Q0ZJ79|PHI2343|Pcipg2	65.952	373	110	3	1	373	1	356	3.93e-157	440
PITG_19623	P78607|PHI247|Cppg1	37.134	307	177	7	63	358	47	348	3.00e-58	187
PITG_19623	O94100|PHI103PHI1027|Bcpga1Bcpg1	40.061	327	171	12	65	376	64	380	1.04e-57	186
PITG_19623	P78608|PHI437|Cppg2	36.688	308	178	7	63	358	47	349	4.10e-57	184
PITG_19623	P41749|PHI88|Peca	33.533	334	204	9	40	362	20	346	1.13e-54	177
PITG_04248	L7NCR0|PHI8061|Pc129892	43.033	244	126	5	1	243	1	232	9.45e-60	182
PITG_04248	NEP1	29.279	222	139	6	26	242	36	244	2.34e-31	109
PITG_04248	FocSix8	30.638	235	151	6	14	243	25	252	2.49e-28	102
PITG_04248	Q0E7H7|PHI2342|Benep2	29.412	221	142	5	24	242	34	242	6.13e-24	90.1
PITG_04248	MoSPD9	30.455	220	135	9	26	243	26	229	5.64e-22	84.3
PITG_16726	PsPSR2	27.564	468	307	8	46	498	39	489	2.05e-52	182
PITG_16726	HaRxL24	25.581	344	232	8	34	369	11	338	1.76e-25	101
PITG_16726	PsAvh163	21.836	403	288	12	59	451	57	442	1.01e-22	94.4
PITG_16726	HaRxL22	22.093	344	244	11	42	381	27	350	7.15e-11	56.6
PITG_19620	Q0ZJ79|PHI2343|Pcipg2	72.752	367	80	2	1	367	1	347	5.02e-174	483
PITG_19620	P78607|PHI247|Cppg1	39.355	310	172	7	66	364	47	351	1.65e-65	206
PITG_19620	O94100|PHI103PHI1027|Bcpga1Bcpg1	42.810	306	152	10	68	359	64	360	5.08e-65	205
PITG_19620	P41749|PHI88|Peca	33.596	381	214	11	1	371	1	352	8.66e-64	201
PITG_19620	P78608|PHI437|Cppg2	36.977	311	179	7	66	364	47	352	3.75e-62	197
PITG_16592	crn1	46.429	140	58	6	1	128	1	135	2.82e-21	85.5
PITG_16592	crn2	34.463	177	82	7	1	144	1	176	1.84e-16	71.6
PITG_16592	RiNLE1	31.496	127	65	5	2	124	3	111	1.29e-07	45.1
PITG_16592	RiCRN1	31.496	127	65	5	2	124	3	111	1.29e-07	45.1
PITG_23095	Q01905|PHI111PHI760|Inf1	36.066	61	38	1	27	86	35	95	3.16e-09	45.1
PITG_23095	O42719|PHI764|Inf2b	32.941	85	54	2	23	104	31	115	3.06e-08	43.5
PITG_23095	O42718|PHI762|Inf2a	31.765	85	55	2	23	104	31	115	1.65e-07	41.6
PITG_01369	EPI1	59.459	148	55	3	1	147	1	144	3.68e-57	169
PITG_01369	Q6PQG3|PHI4252|Epi10	41.026	117	52	3	36	141	96	206	6.64e-21	78.6
PITG_13959	Avr1d	45.455	121	62	2	2	121	7	124	1.45e-27	92.8
PITG_09316	PsPSR2	23.551	276	176	9	99	369	167	412	7.52e-15	68.9
PITG_09316	BLR20	28.205	195	126	6	188	372	72	262	5.16e-14	66.2
PITG_09316	HaRxL24	22.590	332	229	10	45	374	3	308	1.21e-11	58.5
PITG_01907	BLR20	29.070	172	115	6	65	234	65	231	2.17e-10	54.3
PITG_01907	PsPSR2	22.764	246	164	9	60	304	237	457	1.70e-08	48.5
PITG_01907	BLN08_2	26.522	230	131	13	114	335	210	409	2.98e-07	44.7
PITG_14880	PsPSR2	23.592	284	197	7	10	291	2	267	3.24e-20	84.0
PITG_14880	BSW11	27.513	189	126	3	109	289	85	270	5.73e-16	70.9
PITG_14880	BLR13	28.934	197	116	5	109	281	98	294	7.41e-16	70.5
PITG_14880	HaRxL24	25.114	219	152	5	73	290	36	243	2.20e-15	68.9
PITG_14880	BLR36	30.657	137	92	3	109	243	90	225	1.04e-11	58.2
PITG_16738	PsPSR2	25.532	188	118	6	30	215	116	283	2.07e-07	44.3
PITG_09716	L7NCR0|PHI8061|Pc129892	41.129	248	130	6	1	248	1	232	4.92e-55	171
PITG_09716	NEP1	31.111	225	142	6	23	247	33	244	1.30e-34	118
PITG_09716	FocSix8	30.233	258	164	5	1	248	1	252	1.96e-31	110
PITG_09716	MoSPD9	29.719	249	154	6	1	248	1	229	1.53e-29	104
PITG_09716	Q0E7H7|PHI2342|Benep2	31.452	248	147	11	5	247	13	242	3.64e-26	96.3
PITG_12645	crn1	93.519	432	27	1	1	432	1	431	0.0	826
PITG_12645	crn2	28.661	478	270	19	1	430	1	455	5.00e-33	123
PITG_14935	SSPbP94	26.592	267	173	9	217	477	51	300	5.90e-12	59.7
PITG_15303	Avrblb2	47.945	73	29	1	1	73	1	64	8.76e-12	51.2
PITG_05912	Avr1b-1	39.855	138	72	5	1	130	1	135	5.38e-17	66.2
PITG_05912	AVR3a	28.947	152	76	5	1	130	1	142	5.19e-10	47.8
PITG_22936	EPI1	38.509	161	77	5	8	166	5	145	4.92e-26	90.9
PITG_22936	Q6PQG3|PHI4252|Epi10	43.200	125	48	5	51	162	96	210	3.52e-19	74.7
PITG_15571	SSPbP94	20.755	318	199	11	191	505	34	301	3.52e-10	54.3
PITG_14782	HaRxL2	38.889	72	41	1	21	92	88	156	1.05e-12	55.5
PITG_14782	PsAvh163	32.432	74	46	2	50	121	305	376	6.01e-08	43.1
PITG_12710	AVR2_1	37.037	81	47	3	1	81	1	77	2.97e-10	47.0
PITG_07499	AVR2_1	42.169	83	42	3	1	81	1	79	5.21e-11	49.3
PITG_13509	PsPSR2	29.457	129	85	4	87	210	268	395	5.56e-10	51.6
PITG_07566	Avr1a	30.769	130	78	6	1	127	1	121	2.56e-08	44.3
PITG_11984	PsPSR2	35.316	269	167	5	51	314	50	316	2.98e-45	156
PITG_11984	HaRxL24	33.043	230	150	3	84	313	65	290	2.26e-29	108
PITG_11984	PsAvh163	28.448	232	157	5	74	303	166	390	3.20e-21	87.0
PITG_11984	BSW11	23.721	215	145	5	85	293	86	287	9.23e-09	49.3
PITG_22901	crn2	34.266	143	60	5	8	119	2	141	2.25e-08	46.2
PITG_22906	PsCRN108	36.842	114	63	4	6	111	4	116	1.76e-10	50.1
PITG_16144	crn2	75.211	355	57	5	1	325	1	354	3.22e-180	500
PITG_16144	crn1	28.775	351	202	12	1	322	1	332	1.15e-27	105
PITG_16144	PsCRN108	41.860	172	91	5	1	167	1	168	1.55e-24	97.4
PITG_13956	AVR2_1	34.579	107	66	2	1	103	1	107	2.71e-08	42.0
PITG_17490	SSPbP94	25.688	218	136	8	55	261	26	228	5.77e-11	55.8
PITG_21986	PsXEG1	81.731	104	16	1	1	101	138	241	3.39e-53	160
PITG_14911	SSPbP94	26.471	204	124	6	108	306	43	225	1.59e-11	57.0
PITG_02702	Q945T9|PHI653|Gip2	33.553	152	93	5	3	151	65	211	7.41e-22	82.8
PITG_02702	GIP1	33.333	165	92	7	3	156	65	222	4.79e-21	80.1
PITG_10248	PsPSR2	22.845	232	153	7	7	237	12	218	8.12e-10	51.6
PITG_19455	Q0ZJ79|PHI2343|Pcipg2	66.848	368	81	3	1	336	1	359	1.61e-152	426
PITG_19455	P78607|PHI247|Cppg1	34.328	335	172	7	38	329	30	359	4.67e-54	175
PITG_19455	P41749|PHI88|Peca	32.507	363	187	11	1	322	1	346	1.62e-53	173
PITG_19455	O94100|PHI103PHI1027|Bcpga1Bcpg1	37.730	326	148	10	57	336	64	380	1.82e-53	174
PITG_19455	P78608|PHI437|Cppg2	32.738	336	177	7	38	329	30	360	6.67e-52	169
PITG_11522	P0CY29|PHI6785PHI6791PHI6813|Sap3	22.102	371	239	15	73	430	53	386	9.02e-09	50.4
PITG_11522	P0DJ06|PHI72PHI6784PHI6790PHI6812|Sap2	23.320	253	157	10	196	429	151	385	2.02e-07	45.8
PITG_04194	Avrblb2	60.274	73	26	1	1	70	1	73	1.98e-24	83.2
PITG_20301	Avrblb2	94.000	100	6	0	1	100	1	100	5.15e-50	147
PITG_13239	SSPbP94	26.482	253	151	9	1	235	59	294	4.95e-12	58.2
PITG_19653	Q0ZJ79|PHI2343|Pcipg2	76.419	229	54	0	20	248	133	361	2.70e-115	328
PITG_19653	P41749|PHI88|Peca	35.622	233	137	7	22	248	138	363	3.02e-41	138
PITG_19653	P78607|PHI247|Cppg1	39.091	220	123	5	23	236	142	356	1.63e-40	136
PITG_19653	P78608|PHI437|Cppg2	38.208	212	120	5	23	228	143	349	2.68e-39	133
PITG_19653	O00094|PHI114|Pg1	36.948	249	123	8	7	241	116	344	1.11e-37	129
PITG_10839	L7NCR0|PHI8061|Pc129892	48.855	131	64	2	1	130	104	232	2.02e-45	141
PITG_10839	Q0E7H7|PHI2342|Benep2	42.647	136	63	3	1	129	115	242	1.03e-33	112
PITG_10839	NEP1	39.394	132	74	2	1	129	116	244	6.09e-32	107
PITG_10839	MoSPD9	40.152	132	74	3	1	130	101	229	3.57e-27	94.7
PITG_10839	FocSix8	35.714	140	77	4	1	130	116	252	1.25e-21	80.5
PITG_13641	Q945T9|PHI653|Gip2	63.948	233	54	2	23	225	25	257	2.79e-107	304
PITG_13641	GIP1	50.579	259	91	5	1	225	1	256	7.21e-83	241
PITG_13648	Q945T9|PHI653|Gip2	47.807	228	115	3	1	226	30	255	5.40e-73	218
PITG_13648	GIP1	47.186	231	111	5	1	226	30	254	1.05e-67	203
PITG_18683	Avrblb2	95.000	100	5	0	1	100	1	100	1.92e-51	150
PITG_22820	crn1	27.011	174	93	5	1	162	1	152	1.15e-09	49.3
PITG_21238	PITG_03192	98.980	98	1	0	1	98	1	98	1.44e-67	194
PITG_15110	PsAvh163	36.034	469	266	13	47	501	43	491	3.30e-75	244
PITG_15110	PsPSR2	25.429	700	477	20	10	696	1	668	4.12e-55	193
PITG_23035	PsPSR2	31.414	573	333	6	369	932	60	581	2.21e-92	300
PITG_05511	SSPbP94	25.170	294	166	11	51	332	49	300	4.21e-13	62.4
PITG_07558	AVR1	27.778	180	105	5	37	210	41	201	5.67e-11	53.5
PITG_22017	PsCRN108	54.918	122	51	2	1	118	1	122	1.05e-33	118
PITG_22017	crn1	40.964	166	76	7	1	148	1	162	1.08e-22	86.3
PITG_16584	crn1	81.422	436	66	5	1	426	1	431	0.0	696
PITG_16584	crn2	29.053	475	266	18	1	424	1	455	1.10e-37	135
PITG_21190	AVR1	32.143	168	97	5	32	190	32	191	1.20e-18	76.6
PITG_10880	Q0ZJ79|PHI2343|Pcipg2	58.125	320	114	2	115	415	33	351	5.73e-110	322
PITG_10880	P78607|PHI247|Cppg1	37.627	295	154	7	114	383	33	322	5.84e-51	169
PITG_10880	P41749|PHI88|Peca	32.399	321	184	9	115	408	31	345	7.70e-49	163
PITG_10880	O94100|PHI103PHI1027|Bcpga1Bcpg1	38.298	282	142	9	130	384	64	340	1.37e-48	163
PITG_10880	P78608|PHI437|Cppg2	35.017	297	160	9	114	383	33	323	9.59e-45	153
PITG_16705	PsPSR2	29.260	622	426	8	46	661	39	652	4.27e-85	275
PITG_16705	HaRxL24	25.000	344	234	8	34	369	11	338	4.03e-25	100
PITG_16705	PsAvh163	24.190	401	281	12	59	451	57	442	8.69e-25	101
PITG_16705	HaRxL22	24.490	343	237	11	42	381	27	350	1.14e-13	65.9
PITG_07500	AVR2_1	41.593	113	56	4	1	111	1	105	6.85e-12	51.6
PITG_13481	Avr1d	47.934	121	60	1	2	122	7	124	1.00e-33	108
PITG_23012	Q6PQG3|PHI4252|Epi10	46.774	62	33	0	24	85	148	209	9.05e-16	62.8
PITG_23012	EPI1	36.620	71	40	2	19	84	69	139	3.01e-08	42.0
PITG_17316	PsPSR2	26.948	308	203	7	20	306	5	311	1.24e-27	107
PITG_17316	HaRxL24	27.684	177	117	5	177	347	68	239	9.10e-11	55.5
PITG_17316	PsAvh163	27.111	225	149	9	132	345	131	351	2.52e-10	54.3
PITG_17316	BLR36	23.000	200	142	6	84	276	91	285	3.54e-07	44.3
PITG_16600	crn1	94.664	431	23	0	1	431	1	431	0.0	839
PITG_16600	crn2	29.237	472	274	15	1	429	1	455	9.01e-36	130
PITG_19232	PsAvh163	41.509	106	55	3	42	144	46	147	3.60e-17	70.1
PITG_21422	Avr3a/5	43.056	72	35	3	1	67	1	71	3.48e-09	44.7
PITG_04052	PsPSR2	33.333	258	163	4	57	305	142	399	4.52e-42	147
PITG_04052	PsAvh163	31.868	182	122	2	86	265	176	357	1.89e-21	87.4
PITG_04052	HaRxL24	29.817	218	142	4	87	297	67	280	2.89e-21	86.3
PITG_16168	O42830|PHI660|Cbel(gp34)	43.284	67	36	1	61	125	201	267	3.88e-11	52.0
PITG_22956	crn1	93.333	45	3	0	1	45	1	45	1.07e-25	90.9
PITG_22956	crn2	66.667	45	15	0	1	45	1	45	1.62e-14	59.7
PITG_22956	PsCRN108	75.000	36	9	0	1	36	1	36	1.10e-12	54.3
PITG_22956	RiNLE1	47.500	40	20	1	2	40	3	42	1.86e-07	39.7
PITG_22956	RiCRN1	47.500	40	20	1	2	40	3	42	1.86e-07	39.7
PITG_13550	PsAvh23	35.780	109	64	3	1	106	1	106	1.72e-13	56.6
PITG_22829	crn1	34.737	190	88	10	3	189	1	157	8.84e-11	56.2
PITG_22709	L7NCR0|PHI8061|Pc129892	35.036	274	130	6	7	279	6	232	3.89e-42	138
PITG_22709	NEP1	28.846	260	122	11	31	278	36	244	1.71e-25	95.1
PITG_22709	MoSPD9	27.174	276	149	10	5	279	5	229	1.65e-21	84.0
PITG_22709	Q0E7H7|PHI2342|Benep2	26.104	249	143	6	30	278	35	242	2.56e-20	81.3
PITG_22709	FocSix8	24.832	298	159	11	1	279	1	252	2.36e-18	75.9
PITG_22013	PsPSR2	36.036	111	57	1	1	97	528	638	8.77e-16	64.7
PITG_06419	PsPSR2	28.780	205	117	9	2	197	1	185	1.88e-09	50.4
PITG_06419	PsAvh163	26.630	184	96	7	63	231	324	483	2.03e-07	43.9
PITG_10622	FGL1_Fusarium_graminearum	35.766	137	85	3	1	137	113	246	2.03e-20	80.5
PITG_07634	PsPSR2	24.375	160	96	5	1	151	1	144	4.53e-09	47.4
PITG_09169	EPIC1	100.000	126	0	0	1	126	1	126	1.53e-93	259
PITG_11475	SSPbP94	23.404	282	178	8	5	276	47	300	3.03e-15	67.8
PITG_16473	P29138|PHI4615|Pr1	29.969	327	178	16	127	437	82	373	3.76e-18	79.0
PITG_23009	AVR2_1	35.514	107	65	2	1	103	1	107	4.36e-09	44.3
PITG_09538	SSPbP94	30.292	274	164	7	17	286	51	301	2.27e-29	107
PITG_10339	PsAvh163	37.410	139	80	3	42	178	46	179	1.34e-22	87.8
PITG_10339	PsPSR2	30.508	118	72	3	66	180	161	271	1.53e-10	52.8
PITG_10339	HaRxL24	27.778	126	83	5	51	174	36	155	9.06e-09	47.4
PITG_10339	HaRxL22	27.746	173	106	7	14	180	5	164	6.08e-08	44.7
PITG_16701	PsPSR2	32.342	269	180	2	15	281	287	555	1.08e-40	143
PITG_16701	HaRxL24	21.484	256	194	4	14	266	85	336	6.10e-18	76.6
PITG_16701	PsAvh163	25.283	265	187	6	14	272	103	362	1.12e-15	70.1
PITG_19992	PsPSR2	29.553	291	183	5	73	355	234	510	3.18e-34	126
PITG_19992	HaRxL24	24.696	247	169	5	72	318	124	353	1.90e-20	84.7
PITG_19992	PsAvh163	21.402	271	181	8	43	305	207	453	1.71e-07	45.4
PITG_15307	Q945T9|PHI653|Gip2	33.871	124	64	5	19	132	140	255	1.70e-16	67.4
PITG_15307	GIP1	34.921	126	63	5	16	132	139	254	2.00e-14	61.2
PITG_04468	SSPbP94	33.889	180	107	5	112	286	51	223	3.44e-21	84.7
PITG_22692	Q6PQG3|PHI4252|Epi10	39.474	76	29	3	1	76	1	59	5.09e-09	44.3
PITG_22941	Q6PQG3|PHI4252|Epi10	45.161	62	34	0	24	85	148	209	1.43e-14	59.7
PITG_22941	EPI1	35.211	71	41	2	19	84	69	139	7.01e-07	38.1
PITG_04153	Avrblb2	50.980	51	25	0	1	51	1	51	1.68e-10	46.6
PITG_15032	PsPSR2	38.049	410	250	3	77	482	170	579	5.24e-101	311
PITG_15032	PsAvh163	29.855	345	215	10	34	368	43	370	1.05e-34	129
PITG_15032	HaRxL24	30.035	283	187	7	173	450	65	341	8.03e-32	119
PITG_15032	HaRxL22	22.353	340	246	8	132	459	17	350	1.28e-11	58.9
PITG_07014	Avr1b-2	54.717	106	23	1	43	123	1	106	2.62e-36	119
PITG_16627	crn1	85.417	432	61	2	1	431	1	431	0.0	738
PITG_16627	crn2	28.184	479	270	19	1	429	1	455	1.81e-32	121
PITG_19624	Q0ZJ79|PHI2343|Pcipg2	65.123	367	118	1	4	370	3	359	6.36e-155	434
PITG_19624	O94100|PHI103PHI1027|Bcpga1Bcpg1	42.331	326	165	10	59	370	64	380	6.57e-64	202
PITG_19624	P41749|PHI88|Peca	34.474	380	218	10	1	369	1	360	1.21e-62	198
PITG_19624	P78607|PHI247|Cppg1	37.805	328	187	8	57	372	47	369	3.22e-61	195
PITG_19624	P78608|PHI437|Cppg2	36.778	329	190	8	57	372	47	370	1.09e-58	188
PITG_13593	Avr1b-1	37.500	136	76	3	1	127	1	136	2.35e-20	75.1
PITG_12357	P0DJ06|PHI72PHI6784PHI6790PHI6812|Sap2	22.487	378	213	17	10	349	44	379	4.10e-08	48.1
PITG_20683	HaRxL36	81.600	125	23	0	141	265	1	125	2.95e-76	221
PITG_13638	Q945T9|PHI653|Gip2	63.559	236	85	1	24	258	26	261	3.91e-117	331
PITG_13638	GIP1	60.618	259	94	4	1	254	1	256	1.60e-111	315
PITG_13560	PsXEG1	48.148	162	83	1	24	184	21	182	1.85e-53	165
PITG_13671	Q945T9|PHI653|Gip2	63.983	236	82	3	25	258	25	259	1.15e-110	314
PITG_13671	GIP1	56.757	259	106	4	1	256	1	256	2.14e-100	287
PITG_09757	BLR20	24.211	285	183	10	6	269	17	289	1.25e-14	67.4
PITG_09757	PsPSR2	20.690	232	158	7	54	274	232	448	2.68e-08	48.1
PITG_09757	BLN08_2	24.498	249	152	12	111	342	216	445	1.69e-07	45.4
PITG_23032	Q6PQG3|PHI4252|Epi10	68.421	152	47	1	3	153	5	156	5.90e-66	194
PITG_23193	Avrblb2	54.945	91	38	2	1	91	1	88	2.11e-21	75.5
PITG_14054	AVR1	31.690	142	74	4	70	204	80	205	4.16e-10	50.8
PITG_22981	L7NCR0|PHI8061|Pc129892	49.793	241	103	8	6	242	7	233	1.32e-65	198
PITG_22981	NEP1	33.333	228	130	5	18	238	32	244	1.61e-39	131
PITG_22981	Q0E7H7|PHI2342|Benep2	35.841	226	127	7	18	239	32	243	1.84e-36	123
PITG_22981	FocSix8	33.772	228	136	6	18	238	32	251	1.94e-31	110
PITG_22981	MoSPD9	31.980	197	123	6	43	238	42	228	5.34e-24	90.1
PITG_16827	Q6PQG3|PHI4252|Epi10	60.000	60	24	0	25	84	149	208	2.87e-26	90.1
PITG_16827	EPI1	31.250	80	43	1	7	86	74	141	2.63e-10	47.4
PITG_14374	AVR3a	85.034	147	22	0	1	147	1	147	7.21e-85	239
PITG_14374	Avr1b-1	32.667	150	78	4	1	142	1	135	1.20e-12	55.1
PITG_12563	SSPbP94	23.158	285	182	8	23	298	46	302	2.35e-12	59.7
PITG_04123	P43070|PHI61|Bgl2	25.237	317	182	14	4	282	4	303	1.50e-10	55.1
PITG_11807	GIP1	27.805	205	89	9	64	216	30	227	1.19e-10	53.5
PITG_22972	Avr1d	39.744	78	37	2	1	71	1	75	2.10e-09	43.9
PITG_22972	PsAvh23	38.356	73	39	2	1	67	1	73	6.74e-09	42.7
PITG_22972	AVR2_1	37.681	69	41	2	1	69	1	67	1.22e-08	41.6
PITG_19528	BLN08	30.159	126	82	2	1	120	1	126	8.30e-15	60.1
PITG_10341	PsAvh163	42.338	385	210	7	42	421	46	423	1.50e-84	261
PITG_10341	HaRxL22	29.834	362	233	10	17	370	3	351	4.07e-36	129
PITG_10341	PsPSR2	26.118	425	284	11	2	410	1	411	2.83e-28	110
PITG_10341	HaRxL96	28.647	377	240	11	1	358	9	375	4.45e-27	105
PITG_10341	HaRxL24	25.839	298	196	11	50	336	32	315	2.51e-13	63.9
PITG_07597	Avh5	40.541	148	71	4	1	146	1	133	8.09e-28	94.4
PITG_23119	EPI1	53.947	152	57	4	1	144	1	147	1.98e-48	147
PITG_23119	Q6PQG3|PHI4252|Epi10	41.818	110	41	3	38	128	96	201	1.04e-20	78.2
PITG_04063	PsPSR2	33.591	259	161	6	57	305	142	399	6.77e-42	147
PITG_04063	HaRxL24	27.037	270	182	7	38	297	16	280	3.53e-22	89.0
PITG_04063	PsAvh163	30.769	182	124	2	86	265	176	357	1.24e-20	85.1
PITG_04063	BLR20	21.765	170	105	6	141	290	263	424	3.05e-07	44.3
PITG_13730	SSPbP94	27.500	240	140	8	76	300	74	294	1.59e-13	63.2
PITG_15930	AVR1	25.850	147	81	3	64	205	62	185	4.87e-12	56.6
PITG_12641	crn1	97.448	431	11	0	1	431	1	431	0.0	866
PITG_12641	crn2	29.350	477	267	18	1	429	1	455	1.42e-37	135
PITG_04086	Avrblb2	100.000	100	0	0	1	100	1	100	1.25e-70	199
PITG_12644	crn1	93.519	432	27	1	1	432	1	431	0.0	826
PITG_12644	crn2	28.661	478	270	19	1	430	1	455	5.00e-33	123
PITG_09173	EPIC1	92.742	124	8	1	1	123	1	124	3.14e-74	210
PITG_14788	PsPSR2	26.601	203	126	9	4	203	3	185	7.57e-07	42.4
PITG_04269	PsPSR2	29.011	455	292	14	223	655	137	582	1.21e-42	157
PITG_04269	BSW11	26.056	426	284	12	151	562	63	471	2.69e-21	90.9
PITG_04269	PsAvh163	23.653	334	230	12	238	556	56	379	1.12e-11	60.5
PITG_04269	HaRxL96	25.434	346	230	14	136	461	59	396	5.26e-10	54.7
PITG_16708	PsPSR2	30.769	130	82	3	42	165	39	166	8.00e-12	55.5
PITG_16708	HaRxL24	32.143	84	56	1	82	165	65	147	6.89e-10	49.7
PITG_16708	PsAvh163	27.586	116	79	2	54	165	234	348	1.87e-07	42.7
PITG_16619	crn1	81.193	436	67	5	1	426	1	431	0.0	696
PITG_16619	crn2	29.053	475	266	18	1	424	1	455	4.13e-37	134
PITG_13119	BLR20	25.087	287	188	9	5	273	12	289	8.48e-19	79.3
PITG_13119	PsPSR2	23.127	307	183	12	1	287	1	274	1.75e-08	48.1
PITG_07587	Avh5	44.526	137	63	4	1	136	1	125	5.17e-33	107
PITG_20171	crn1	79.592	441	65	5	1	426	1	431	0.0	695
PITG_20171	crn2	28.481	474	270	17	1	424	1	455	1.09e-36	133
PITG_03192	PITG_03192	100.000	144	0	0	1	144	1	144	5.10e-107	295
PITG_04768	PsCRN108	32.518	695	391	28	94	734	146	816	2.25e-81	270
PITG_22824	PsAvh163	29.318	440	286	12	27	455	24	449	6.72e-48	166
PITG_22824	HaRxL22	29.430	316	204	8	68	376	49	352	1.10e-26	104
PITG_22824	PsPSR2	23.450	371	267	8	129	491	126	487	1.79e-24	100
PITG_22824	HaRxL24	23.673	245	178	7	182	421	65	305	1.03e-09	53.1
PITG_09732	PsAvh163	29.459	499	311	16	1	468	1	489	1.51e-43	154
PITG_09732	HaRxL22	29.012	324	219	8	19	337	1	318	6.01e-25	99.0
PITG_09732	PsPSR2	24.599	374	237	12	1	351	1	352	2.29e-19	84.0
PITG_09732	HaRxL96	29.474	285	175	10	22	283	21	302	9.57e-19	81.3
PITG_16872	Q01905|PHI111PHI760|Inf1	39.623	53	31	1	27	78	35	87	7.15e-10	45.1
PITG_16872	O42719|PHI764|Inf2b	38.182	55	33	1	25	78	33	87	1.19e-07	40.0
PITG_16872	O42718|PHI762|Inf2a	36.364	55	34	1	25	78	33	87	6.83e-07	38.1
PITG_16713	PsPSR2	36.296	135	83	1	1	132	528	662	1.27e-23	88.6
PITG_16713	PsAvh163	26.606	109	80	0	2	110	254	362	2.54e-10	50.4
PITG_16713	HaRxL24	27.368	95	69	0	23	117	74	168	6.84e-10	49.3
PITG_13072	PsPSR2	30.939	181	93	7	6	158	6	182	6.86e-10	50.8
PITG_13072	HaRxL24	33.696	92	58	2	72	160	74	165	1.22e-07	43.9
PITG_09935	Avr1b-1	33.871	62	39	1	1	62	1	60	4.99e-07	39.7
PITG_04208	L7NCR0|PHI8061|Pc129892	43.902	246	121	7	1	243	1	232	8.17e-54	167
PITG_04208	NEP1	32.444	225	132	6	24	242	34	244	1.26e-33	115
PITG_04208	FocSix8	32.301	226	140	7	24	243	34	252	1.59e-27	99.8
PITG_04208	MoSPD9	29.918	244	155	5	1	243	1	229	2.50e-26	96.3
PITG_04208	Q0E7H7|PHI2342|Benep2	31.405	242	150	6	5	242	13	242	9.80e-25	92.0
PITG_04089	Avrblb2	54.237	59	20	2	1	52	1	59	1.44e-12	52.4
PITG_16992	PsXEG1	47.511	221	113	3	20	237	21	241	2.12e-71	212
PITG_23039	L7NCR0|PHI8061|Pc129892	50.847	118	53	4	10	127	119	231	2.11e-28	98.6
PITG_23039	NEP1	32.520	123	76	3	5	127	129	244	2.65e-16	66.6
PITG_23039	Q0E7H7|PHI2342|Benep2	33.594	128	60	6	10	127	130	242	5.06e-13	57.8
PITG_23039	FocSix8	32.824	131	72	5	5	127	129	251	1.26e-09	48.1
PITG_17411	P43070|PHI61|Bgl2	21.141	298	191	10	9	275	19	303	9.35e-07	43.5
PITG_12551	Q01905|PHI111PHI760|Inf1	100.000	118	0	0	1	118	1	118	2.74e-83	233
PITG_12551	O42718|PHI762|Inf2a	50.435	115	57	0	1	115	1	115	8.16e-33	107
PITG_12551	O42719|PHI764|Inf2b	49.565	115	58	0	1	115	1	115	2.42e-32	106
PITG_04090	Avrblb2	89.000	100	11	0	1	100	1	100	3.22e-48	142
PITG_19634	Q0ZJ79|PHI2343|Pcipg2	72.300	213	59	0	2	214	147	359	5.80e-99	285
PITG_19634	O00094|PHI114|Pg1	38.667	225	118	6	1	211	146	364	3.85e-37	126
PITG_19634	O94100|PHI103PHI1027|Bcpga1Bcpg1	42.986	221	109	8	2	214	169	380	1.50e-36	125
PITG_19634	P41749|PHI88|Peca	38.725	204	113	6	2	200	150	346	8.52e-35	120
PITG_19634	P78607|PHI247|Cppg1	40.571	175	97	4	2	174	153	322	4.59e-33	115
PITG_16195	PsPSR2	33.824	408	253	9	78	472	249	652	1.00e-61	207
PITG_16195	PsAvh163	24.631	406	278	14	105	488	92	491	4.91e-22	92.0
PITG_16195	BSW11	21.992	482	324	15	1	465	1	447	2.01e-16	74.7
PITG_16195	HaRxL96	24.444	270	175	12	212	461	123	383	1.95e-10	55.5
PITG_11816	Q5TIP4|PHI2347|Pgip2	26.132	287	163	10	151	423	81	332	2.03e-09	51.6
PITG_12562	O42719|PHI764|Inf2b	43.478	115	65	0	1	115	1	115	1.82e-28	98.6
PITG_12562	Q01905|PHI111PHI760|Inf1	43.478	115	65	0	1	115	1	115	3.25e-28	95.9
PITG_12562	O42718|PHI762|Inf2a	43.478	115	65	0	1	115	1	115	4.15e-28	97.4
PITG_23228	L7NCR0|PHI8061|Pc129892	37.450	251	135	7	4	252	2	232	1.16e-43	141
PITG_23228	NEP1	27.490	251	147	9	11	253	23	246	2.07e-22	86.3
PITG_23228	Q0E7H7|PHI2342|Benep2	27.888	251	157	7	4	251	13	242	8.40e-20	79.0
PITG_23228	MoSPD9	24.000	250	165	7	5	254	7	231	5.50e-19	76.6
PITG_23228	FocSix8	27.049	244	148	9	18	252	30	252	1.31e-14	64.7
PITG_11359	PsAvh163	36.047	86	54	1	2	86	304	389	1.07e-15	63.5
PITG_11359	PsPSR2	30.488	82	57	0	2	83	304	385	4.40e-12	53.5
PITG_11359	HaRxL96	32.877	73	47	1	3	73	140	212	4.60e-11	50.4
PITG_11359	HaRxL22	41.176	68	32	2	6	68	108	172	6.12e-09	44.3
PITG_13936	AVR2_1	37.662	77	44	2	1	74	1	76	5.98e-08	40.8
PITG_13452	PsAvh23	35.556	90	51	3	1	84	1	89	7.49e-11	48.9
PITG_14368	AVR3a	83.784	148	23	1	1	148	1	147	1.93e-84	238
PITG_14368	Avr1b-1	34.437	151	75	5	1	143	1	135	7.58e-12	53.1
PITG_23076	L7NCR0|PHI8061|Pc129892	34.328	268	133	6	4	270	3	228	6.10e-43	140
PITG_23076	NEP1	27.843	255	135	6	20	270	32	241	6.79e-27	99.0
PITG_23076	MoSPD9	24.555	281	154	8	3	276	2	231	4.37e-20	80.1
PITG_23076	FocSix8	26.217	267	139	9	20	274	32	252	1.08e-18	76.6
PITG_02708	Q945T9|PHI653|Gip2	41.912	136	67	4	9	134	116	249	5.50e-24	89.0
PITG_02708	GIP1	37.748	151	79	5	1	141	110	255	7.95e-24	88.2
PITG_18823	crn1	85.550	436	50	4	1	428	1	431	0.0	744
PITG_18823	crn2	29.895	475	264	17	1	426	1	455	1.18e-42	149
PITG_10116	PsPSR2	35.714	210	134	1	86	295	167	375	1.36e-42	149
PITG_10116	HaRxL24	26.236	263	171	6	33	294	20	260	1.61e-23	92.8
PITG_10116	PsAvh163	29.098	244	145	7	86	313	258	489	6.68e-22	89.0
PITG_10116	HaRxL96	25.888	197	132	6	88	279	188	375	2.96e-10	53.5
PITG_10116	HaRxL22	23.188	207	150	4	88	292	153	352	3.42e-09	50.4
PITG_15424	PsPSR2	30.667	150	81	5	53	193	50	185	6.49e-12	57.8
PITG_15424	HaRxL2	28.369	141	93	3	51	183	30	170	8.16e-07	41.2
PITG_23185	Avrblb2	51.389	72	28	2	1	65	1	72	4.29e-16	61.2
PITG_09771	Avr3a/5	31.193	109	65	4	1	106	1	102	4.36e-08	41.6
PITG_05121	AVR2_1	41.026	117	65	2	1	114	1	116	1.68e-13	55.8
PITG_05014	PsPSR2	28.832	659	418	16	14	650	6	635	3.84e-72	240
PITG_05014	PsAvh163	28.453	362	237	11	299	646	96	449	5.96e-24	99.0
PITG_05014	BSW11	23.404	517	336	15	4	504	5	477	1.99e-18	82.0
PITG_05014	BLR13	25.296	423	267	16	68	459	63	467	7.44e-16	73.6
PITG_22655	PsCRN108	35.780	109	66	2	107	214	166	271	4.70e-20	81.3
PITG_15127	PsAvh163	32.751	458	286	13	67	516	60	503	1.05e-62	206
PITG_15127	HaRxL22	29.329	283	191	7	99	378	76	352	2.29e-28	109
PITG_15127	PsPSR2	24.722	449	302	14	42	473	31	460	5.07e-28	111
PITG_15127	HaRxL24	22.255	337	239	10	47	372	22	346	2.28e-09	52.0
PITG_11952	Avr3b	27.749	191	121	8	64	254	53	226	5.19e-08	45.4
PITG_05074	PsPSR2	34.359	195	116	2	47	229	49	243	6.03e-31	113
PITG_05074	HaRxL24	30.822	146	93	4	87	229	80	220	5.35e-14	63.5
PITG_05074	PsAvh163	28.758	153	105	3	75	224	269	420	3.57e-12	58.2
PITG_05076	PsPSR2	32.653	147	98	1	72	218	255	400	3.76e-20	81.6
PITG_05076	PsAvh163	31.214	173	98	5	57	213	47	214	1.61e-14	65.1
PITG_05076	HaRxL24	25.373	134	98	1	80	213	62	193	9.55e-09	47.8
PITG_05076	HaRxL22	28.713	101	70	2	93	191	76	176	6.67e-08	45.1
PITG_20169	crn1	95.531	179	8	0	1	179	253	431	8.13e-129	362
PITG_20169	crn2	29.630	189	115	7	1	176	271	454	2.34e-15	66.2
PITG_15105	PsAvh163	38.095	420	248	8	65	480	56	467	2.99e-74	242
PITG_15105	PsPSR2	23.958	672	472	16	33	683	17	670	1.16e-47	172
PITG_15105	HaRxL24	25.074	339	238	9	49	382	19	346	9.52e-18	78.6
PITG_19526	BLN08	30.952	126	81	2	1	120	1	126	3.17e-15	60.8
PITG_19523	PsPSR2	29.213	267	163	8	6	253	3	262	9.46e-19	78.6
PITG_19523	BSW11	23.413	252	157	9	4	236	16	250	1.97e-09	50.4
PITG_12791	PsAvh163	29.556	450	295	11	49	479	43	489	3.52e-45	158
PITG_12791	PsPSR2	27.055	292	202	5	174	457	82	370	1.03e-22	94.4
PITG_12791	HaRxL22	30.603	232	153	4	131	361	114	338	3.68e-21	87.8
PITG_23061	BLR20	31.496	127	86	1	89	215	86	211	3.25e-13	60.8
PITG_23061	BLN08_2	24.294	177	121	5	45	215	35	204	1.48e-07	44.3
PITG_23061	PsPSR2	23.784	185	111	6	38	213	27	190	2.80e-07	43.5
PITG_23096	O42719|PHI764|Inf2b	36.986	73	43	2	15	84	35	107	3.60e-07	39.3
PITG_23096	O42718|PHI762|Inf2a	36.986	73	43	2	15	84	35	107	5.55e-07	38.9
PITG_23096	Q01905|PHI111PHI760|Inf1	38.596	57	32	2	26	79	46	102	7.86e-07	37.7
PITG_15123	PsAvh163	33.406	458	283	13	67	516	60	503	3.42e-67	218
PITG_15123	PsPSR2	24.082	490	325	16	1	473	1	460	2.19e-28	112
PITG_15123	HaRxL22	28.099	363	244	11	20	378	3	352	1.16e-27	107
PITG_18821	crn1	84.841	409	45	4	1	399	1	402	0.0	686
PITG_18821	crn2	28.959	442	247	16	1	393	1	424	7.91e-35	127
PITG_06375	PsPSR2	26.555	418	280	8	52	463	49	445	4.88e-41	149
PITG_06375	PsAvh163	25.155	322	223	8	77	392	64	373	2.40e-20	86.7
PITG_06375	HaRxL24	25.180	278	193	4	190	464	68	333	5.27e-20	84.7
PITG_06375	BSW14	23.706	367	233	11	4	355	3	337	4.14e-11	57.4
PITG_06375	HaRxL22	23.393	389	249	13	15	392	2	352	3.28e-10	54.3
PITG_15763	BLR20	35.616	219	126	7	68	275	67	281	5.95e-27	103
PITG_15763	BLN08_2	29.609	179	111	4	110	285	100	266	1.61e-15	70.1
PITG_15763	PsPSR2	25.758	198	118	8	89	280	266	440	4.64e-10	53.5
PITG_15763	Avr1k	23.902	205	126	7	146	327	72	269	1.98e-09	50.8
PITG_15763	HaRxL24	24.352	193	119	6	54	239	25	197	4.16e-07	43.9
PITG_13018	PsPSR2	35.625	160	94	4	36	190	486	641	1.62e-18	76.6
PITG_13018	PsAvh163	27.607	163	108	6	34	196	38	190	9.00e-12	56.6
PITG_13018	HaRxL96	27.742	155	97	3	53	196	59	209	2.59e-09	49.3
PITG_13018	HaRxL24	29.126	103	69	1	95	197	74	172	7.85e-09	47.8
PITG_08074	PsPSR2	31.206	141	97	0	102	242	169	309	1.21e-16	72.0
PITG_08074	HaRxL24	27.933	179	123	3	61	238	20	193	3.55e-12	58.5
PITG_08074	PsAvh163	29.371	143	100	1	102	244	170	311	3.74e-09	49.7
PITG_04055	BLR20	25.862	290	191	6	1	288	6	273	3.93e-23	93.6
PITG_04055	BLN08_2	26.667	270	172	9	100	366	196	442	1.81e-17	76.3
PITG_04055	PsPSR2	21.673	263	174	8	39	294	212	449	2.76e-07	45.1
PITG_22876	L7NCR0|PHI8061|Pc129892	39.200	125	62	6	4	126	120	232	1.55e-19	74.3
PITG_22876	NEP1	30.233	129	64	5	4	125	135	244	7.66e-12	53.9
PITG_22876	MoSPD9	27.642	123	79	4	4	126	117	229	6.36e-10	48.5
PITG_22876	Q0E7H7|PHI2342|Benep2	31.250	128	66	6	4	125	131	242	2.49e-09	47.0
PITG_22876	FocSix8	30.233	129	73	4	4	126	135	252	4.06e-08	43.5
PITG_23054	PsPSR2	26.754	228	139	7	1	217	1	211	8.83e-16	68.9
PITG_23054	HaRxL2	26.786	168	106	5	30	181	4	170	1.96e-07	42.7
PITG_21610	crn1	99.590	244	1	0	1	244	188	431	0.0	512
PITG_21610	crn2	27.203	261	161	10	3	241	201	454	5.29e-18	75.9
PITG_05068	RxLR30	32.759	116	64	4	1	107	1	111	5.22e-09	45.4
PITG_14884	PsPSR2	26.095	571	382	17	10	566	2	546	1.22e-50	179
PITG_14884	PsAvh163	27.907	344	233	10	154	483	127	469	3.70e-24	99.4
PITG_14884	BLR13	26.954	371	227	13	107	447	96	452	3.95e-19	83.6
PITG_14884	BSW11	24.138	464	303	16	107	540	83	527	1.88e-18	81.6
PITG_07630	PsPSR2	25.628	199	143	2	82	280	171	364	4.72e-16	71.6
PITG_07630	HaRxL96	26.364	220	131	7	1	198	1	211	3.41e-10	53.5
PITG_07630	PsAvh163	23.881	201	138	7	21	217	22	211	8.01e-10	52.4
PITG_07630	HaRxL22	27.053	207	133	6	94	297	74	265	1.41e-08	48.5
PITG_04799	PsCRN108	33.120	625	313	26	1	547	1	598	3.81e-77	253
PITG_15125	PsAvh163	33.188	458	284	13	67	516	60	503	1.52e-65	214
PITG_15125	HaRxL22	28.375	363	243	11	20	378	3	352	1.12e-28	110
PITG_15125	PsPSR2	24.082	490	325	16	1	473	1	460	3.87e-28	111
PITG_22879	PsPSR2	32.967	182	116	3	134	309	210	391	7.00e-27	104
PITG_23057	PsCRN108	58.730	63	22	2	1	60	1	62	1.83e-17	69.3
PITG_23057	crn1	47.826	69	34	1	1	67	1	69	2.26e-13	57.4
PITG_23057	crn2	53.704	54	23	1	1	52	1	54	4.56e-11	50.8
PITG_23211	L7NCR0|PHI8061|Pc129892	50.439	228	103	6	1	228	16	233	2.94e-63	191
PITG_23211	NEP1	33.772	228	129	7	4	224	32	244	2.50e-38	127
PITG_23211	Q0E7H7|PHI2342|Benep2	34.956	226	129	7	4	225	32	243	1.66e-35	120
PITG_23211	FocSix8	31.624	234	133	6	4	224	32	251	2.57e-30	107
PITG_23211	MoSPD9	30.964	197	125	6	29	224	42	228	2.44e-23	88.2
PITG_13847	PsPSR2	29.505	444	277	12	64	488	221	647	4.21e-53	184
PITG_13847	PsAvh163	25.666	413	273	15	75	472	56	449	3.04e-21	89.7
PITG_13847	BSW11	24.932	369	250	13	81	438	142	494	2.46e-15	71.2
PITG_13847	HaRxL24	26.712	292	185	11	44	325	8	280	2.51e-13	64.3
PITG_13847	BLR13	22.469	405	262	15	37	410	32	415	1.07e-11	59.7
PITG_17624	crn1	82.831	332	40	5	1	322	1	325	0.0	530
PITG_17624	crn2	29.086	361	200	12	1	322	1	344	6.25e-30	112
PITG_22968	crn1	90.370	135	11	1	1	133	1	135	1.93e-79	234
PITG_22968	PsCRN108	50.000	122	56	3	1	121	1	118	6.90e-25	92.0
PITG_23097	Q01905|PHI111PHI760|Inf1	37.097	62	38	1	5	65	34	95	1.38e-09	44.7
PITG_23097	O42718|PHI762|Inf2a	33.735	83	52	2	4	83	33	115	1.66e-08	42.7
PITG_23097	O42719|PHI764|Inf2b	33.735	83	52	2	4	83	33	115	1.42e-07	40.0
